06.558
06.569
06.591
06.613
06.635
06.646
06.660
06.682
06.693
06.708
06.726
06.737
06.748
06.762
06.781
06.795
06.810
06.821
06.839
06.854
06.864
06.883
06.894
06.901
06.919
06.930
06.937
06.952
06.956
06.941
06.926
06.901
06.883
06.864
06.846
06.821
06.806
06.788
06.770
06.752
06.730
06.715
06.693
06.668
06.653
06.635
06.617
06.598
06.580
06.562
06.537
06.522
06.493
06.478
06.456
06.442
06.416
06.398
06.376
06.351
06.333
06.311
06.285
06.260
06.238
06.238
06.201
06.179
06.158
06.125
06.107
06.081
06.063
06.037
06.012
05.983
05.957
05.928
05.895
05.877
05.855
05.826
05.804
05.779
05.757
05.724
05.699
05.669
05.637
05.611
05.578
05.553
05.524
05.491
05.469
05.443
05.414
05.389
05.356
05.323
05.294
05.261
05.232
05.196
05.174
05.141
05.105
05.079
05.050
05.024
04.992
04.959
04.930
04.901
04.871
04.842
04.809
04.773
04.737
04.707
04.678
04.642
04.613
04.580
04.547
04.518
04.492
04.460
04.427
04.398
04.358
04.329
04.296
04.259
04.223
04.190
04.150
04.117
04.081
04.048
04.012
03.979
03.950
03.913
03.880
03.840
03.807
03.771
03.735
03.695
03.658
03.629
03.589
03.552
03.523
03.480
03.443
03.407
03.370
03.334
03.297
03.257
03.225
03.188
03.148
03.108
03.075
03.039
02.995
02.959
02.922
02.882
02.835
02.798
02.754
02.718
02.671
02.631
02.591
02.543
02.507
02.463
02.430
02.383
02.343
02.303
02.255
02.215
02.179
02.135
02.091
02.048
02.004
01.964
01.924
01.873
01.825
01.778
01.734
01.694
01.654
01.607
01.563
01.523
01.479
01.435
01.392
01.348
01.304
01.268
01.217
01.177
01.133
01.089
01.049
01.002
00.958
00.914
00.874
00.831
00.787
00.747
00.703
00.656
00.616
00.572
00.525
00.477
00.437
00.393
00.346
00.306
00.270
00.226
00.178
00.138
00.091
00.051
00.011
-00.029
-00.077
-00.117
-00.164
-00.204
-00.241
-00.295
-00.332
-00.375
-00.419
-00.466
-00.507
-00.547
-00.594
-00.638
-00.681
-00.725
-00.765
-00.813
-00.853
-00.900
-00.944
-00.980
-01.024
-01.071
-01.111
-01.159
-01.192
-01.239
-01.279
-01.323
-01.366
-01.407
-01.450
-01.494
-01.541
-01.574
-01.622
-01.662
-01.705
-01.745
-01.789
-01.829
-01.873
-01.917
-01.960
-02.000
-02.041
-02.084
-02.128
-02.164
-02.212
-02.248
-02.285
-02.328
-02.365
-02.409
-02.445
-02.489
-02.532
-02.573
-02.613
-02.645
-02.682
-02.715
-02.755
-02.791
-02.831
-02.868
-02.900
-02.941
-02.977
-03.013
-03.046
-03.079
-03.119
-03.145
-03.181
-03.217
-03.261
-03.287
-03.319
-03.360
-03.392
-03.425
-03.458
-03.491
-03.523
-03.549
-03.585
-03.615
-03.647
-03.677
-03.713
-03.746
-03.771
-03.800
-03.830
-03.859
-03.895
-03.921
-03.950
-03.975
-04.001
-04.030
-04.059
-04.088
-04.110
-04.132
-04.157
-04.187
-04.216
-04.238
-04.267
-04.289
-04.321
-04.347
-04.369
-04.394
-04.413
-04.434
-04.464
-04.485
-04.504
-04.529
-04.555
-04.580
-04.598
-04.624
-04.646
-04.664
-04.686
-04.708
-04.726
-04.748
-04.770
-04.788
-04.806
-04.824
-04.842
-04.861
-04.879
-04.897
-04.912
-04.934
-04.945
-04.959
-04.977
-04.996
-05.017
-05.028
-05.047
-05.061
-05.079
-05.090
-05.108
-05.127
-05.138
-05.159
-05.167
-05.189
-05.200
-05.214
-05.221
-05.236
-05.247
-05.254
-05.269
-05.280
-05.291
-05.302
-05.309
-05.316
-05.323
-05.331
-05.334
-05.349
-05.356
-05.367
-05.374
-05.378
-05.378
-05.385
-05.389
-05.404
-05.411
-05.415
-05.425
-05.425
-05.433
-05.436
-05.436
-05.436
-05.444
-05.447
-05.455
-05.462
-05.466
-05.466
-05.473
-05.469
-05.473
-05.473
-05.480
-05.484
-05.498
-05.491
-05.498
-05.502
-05.506
-05.509
-05.513
-05.517
-05.517
-05.517
-05.517
-05.517
-05.513
-05.517
-05.506
-05.498
-05.495
-05.487
-05.484
-05.476
-05.466
-05.458
-05.455
-05.455
-05.451
-05.444
-05.436
-05.433
-05.429
-05.425
-05.418
-05.415
-05.411
-05.407
-05.396
-05.393
-05.389
-05.378
-05.374
-05.367
-05.360
-05.356
-05.353
-05.345
-05.338
-05.331
-05.320
-05.316
-05.302
-05.294
-05.287
-05.269
-05.261
-05.251
-05.243
-05.229
-05.221
-05.207
-05.200
-05.192
-05.174
-05.163
-05.149
-05.130
-05.119
-05.105
-05.087
-05.068
-05.054
-05.036
-05.021
-05.006
-04.992
-04.970
-04.955
-04.941
-04.923
-04.904
-04.890
-04.868
-04.853
-04.832
-04.813
-04.799
-04.773
-04.762
-04.744
-04.722
-04.700
-04.682
-04.660
-04.642
-04.617
-04.598
-04.576
-04.555
-04.536
-04.511
-04.485
-04.464
-04.431
-04.413
-04.383
-04.358
-04.336
-04.314
-04.296
-04.267
-04.245
-04.219
-04.190
-04.161
-04.139
-04.114
-04.085
-04.055
-04.026
-03.994
-03.972
-03.943
-03.917
-03.884
-03.851
-03.830
-03.797
-03.775
-03.749
-03.720
-03.684
-03.658
-03.626
-03.593
-03.564
-03.534
-03.502
-03.472
-03.436
-03.407
-03.370
-03.334
-03.305
-03.272
-03.239
-03.199
-03.166
-03.130
-03.101
-03.064
-03.032
-02.999
-02.955
-02.922
-02.889
-02.853
-02.817
-02.780
-02.740
-02.704
-02.671
-02.634
-02.598
-02.565
-02.525
-02.485
-02.452
-02.412
-02.372
-02.328
-02.288
-02.252
-02.212
-02.172
-02.132
-02.092
-02.055
-02.015
-01.971
-01.935
-01.888
-01.844
-01.785
-01.745
-01.709
-01.662
-01.629
-01.581
-01.538
-01.498
-01.461
-01.417
-01.374
-01.334
-01.290
-01.246
-01.206
-01.162
-01.119
-01.075
-01.028
-00.991
-00.947
-00.907
-00.864
-00.820
-00.783
-00.740
-00.700
-00.656
-00.612
-00.569
-00.525
-00.485
-00.441
-00.394
-00.350
-00.310
-00.270
-00.226
-00.186
-00.139
-00.102
-00.055
-00.011
00.029
00.073
00.113
00.157
00.197
00.244
00.280
00.324
00.372
00.419
00.463
00.503
00.546
00.590
00.608
00.670
00.714
00.754
00.794
00.834
00.885
00.918
00.962
01.009
01.057
01.097
01.140
01.177
01.221
01.268
01.312
01.352
01.395
01.439
01.479
01.523
01.567
01.607
01.647
01.687
01.734
01.774
01.814
01.858
01.898
01.946
01.989
02.026
02.073
02.117
02.157
02.201
02.244
02.284
02.321
02.365
02.405
02.448
02.496
02.536
02.580
02.616
02.660
02.696
02.736
02.776
02.816
02.860
02.897
02.937
02.973
03.010
03.053
03.090
03.126
03.166
03.203
03.235
03.272
03.308
03.345
03.378
03.410
03.450
03.487
03.523
03.560
03.596
03.625
03.662
03.695
03.731
03.767
03.804
03.833
03.873
03.906
03.942
03.975
04.008
04.044
04.077
04.117
04.146
04.179
04.212
04.245
04.281
04.318
04.347
04.380
04.412
04.445
04.474
04.503
04.536
04.565
04.598
04.631
04.656
04.689
04.722
04.751
04.780
04.809
04.835
04.860
04.890
04.922
04.952
04.984
05.014
05.046
05.079
05.105
05.134
05.159
05.188
05.218
05.250
05.276
05.305
05.334
05.363
05.385
05.414
05.443
05.473
05.498
05.531
05.556
05.589
05.615
05.640
05.666
05.695
05.717
05.739
05.768
05.793
05.819
05.844
05.866
05.888
05.910
05.935
05.965
05.990
06.016
06.037
06.063
06.085
06.110
06.132
06.154
06.176
06.205
06.223
06.241
06.263
06.282
06.303
06.325
06.347
06.365
06.387
06.409
06.427
06.442
06.464
06.486
06.504
06.518
06.533
06.555
06.573
06.580
06.602
06.617
06.639
06.660
06.682
06.693
06.708
06.726
06.741
06.755
06.773
06.788
06.806
06.821
06.835
06.846
06.861
06.872
06.879
06.894
06.912
06.926
06.937
06.945
06.956
06.959
06.945
06.923
06.908
06.894
06.868
06.850
06.832
06.813
06.799
06.773
06.755
06.733
06.711
06.697
06.675
06.650
06.631
06.613
06.595
06.577
06.555
06.537
06.515
06.496
06.475
06.456
06.435
06.416
06.394
06.384
06.358
06.333
06.311
06.296
06.271
06.245
06.223
06.201
06.179
06.161
06.136
06.107
06.088
06.056
06.034
06.008
05.986
05.961
05.935
05.906
05.881
05.855
05.833
05.808
05.782
05.746
05.724
05.699
05.666
05.633
05.607
05.582
05.553
05.524
05.498
05.469
05.443
05.414
05.389
05.356
05.327
05.290
05.265
05.236
05.203
05.170
05.141
05.112
05.079
05.054
05.024
04.995
04.948
04.915
04.890
04.864
04.831
04.802
04.773
04.744
04.707
04.682
04.649
04.616
04.584
04.547
04.514
04.482
04.452
04.420
04.383
04.358
04.329
04.296
04.256
04.226
04.186
04.161
04.124
04.088
04.048
04.019
03.979
03.950
03.910
03.877
03.840
03.800
03.764
03.724
03.687
03.654
03.618
03.585
03.549
03.509
03.476
03.439
03.407
03.370
03.334
03.294
03.257
03.221
03.181
03.144
03.108
03.071
03.031
02.995
02.959
02.922
02.878
02.846
02.802
02.765
02.722
02.678
02.634
02.598
02.550
02.510
02.470
02.423
02.379
02.339
02.295
02.252
02.212
02.175
02.131
02.091
02.048
01.997
01.949
01.909
01.865
01.818
01.782
01.738
01.694
01.650
01.610
01.567
01.527
01.483
01.439
01.392
01.352
01.304
01.261
01.217
01.173
01.129
01.086
01.042
01.006
00.962
00.918
00.878
00.831
00.783
00.740
00.696
00.656
00.616
00.572
00.532
00.484
00.437
00.393
00.350
00.306
00.266
00.222
00.178
00.135
00.091
00.051
00.004
-00.040
-00.080
-00.124
-00.171
-00.208
-00.252
-00.288
-00.332
-00.379
-00.426
-00.474
-00.517
-00.554
-00.601
-00.641
-00.685
-00.725
-00.773
-00.813
-00.853
-00.896
-00.929
-00.980
-01.024
-01.068
-01.108
-01.155
-01.192
-01.239
-01.279
-01.319
-01.366
-01.414
-01.454
-01.494
-01.538
-01.581
-01.625
-01.669
-01.709
-01.753
-01.796
-01.844
-01.884
-01.924
-01.964
-02.008
-02.048
-02.088
-02.132
-02.172
-02.212
-02.256
-02.292
-02.332
-02.376
-02.409
-02.452
-02.492
-02.529
-02.573
-02.616
-02.653
-02.689
-02.729
-02.766
-02.802
-02.835
-02.871
-02.904
-02.944
-02.977
-03.013
-03.050
-03.083
-03.115
-03.152
-03.181
-03.221
-03.250
-03.287
-03.319
-03.352
-03.389
-03.421
-03.454
-03.487
-03.520
-03.553
-03.582
-03.622
-03.651
-03.687
-03.713
-03.742
-03.771
-03.800
-03.830
-03.859
-03.888
-03.917
-03.950
-03.979
-04.001
-04.034
-04.059
-04.085
-04.110
-04.136
-04.165
-04.194
-04.216
-04.249
-04.270
-04.292
-04.321
-04.343
-04.362
-04.383
-04.409
-04.438
-04.460
-04.485
-04.511
-04.536
-04.558
-04.576
-04.598
-04.620
-04.642
-04.668
-04.686
-04.704
-04.730
-04.751
-04.770
-04.788
-04.810
-04.828
-04.846
-04.864
-04.879
-04.897
-04.915
-04.930
-04.948
-04.966
-04.985
-04.999
-05.014
-05.032
-05.050
-05.065
-05.087
-05.101
-05.119
-05.130
-05.145
-05.159
-05.174
-05.185
-05.200
-05.214
-05.225
-05.236
-05.247
-05.261
-05.272
-05.283
-05.294
-05.305
-05.313
-05.320
-05.331
-05.342
-05.345
-05.353
-05.356
-05.360
-05.371
-05.378
-05.382
-05.393
-05.393
-05.400
-05.411
-05.418
-05.429
-05.433
-05.433
-05.436
-05.440
-05.444
-05.447
-05.451
-05.455
-05.462
-05.462
-05.466
-05.469
-05.476
-05.480
-05.484
-05.487
-05.495
-05.495
-05.498
-05.502
-05.509
-05.509
-05.513
-05.513
-05.517
-05.517
-05.513
-05.517
-05.513
-05.509
-05.509
-05.502
-05.495
-05.495
-05.491
-05.480
-05.480
-05.476
-05.473
-05.469
-05.466
-05.462
-05.455
-05.451
-05.440
-05.436
-05.433
-05.422
-05.422
-05.415
-05.407
-05.407
-05.396
-05.393
-05.385
-05.382
-05.374
-05.371
-05.367
-05.364
-05.349
-05.342
-05.338
-05.327
-05.323
-05.313
-05.302
-05.294
-05.287
-05.269
-05.258
-05.251
-05.236
-05.229
-05.214
-05.203
-05.189
-05.178
-05.163
-05.149
-05.130
-05.116
-05.101
-05.083
-05.076
-05.054
-05.039
-05.025
-05.006
-04.992
-04.974
-04.959
-04.937
-04.923
-04.908
-04.886
-04.872
-04.857
-04.839
-04.821
-04.795
-04.784
-04.762
-04.744
-04.719
-04.708
-04.686
-04.664
-04.642
-04.624
-04.598
-04.569
-04.555
-04.533
-04.507
-04.485
-04.464
-04.442
-04.416
-04.394
-04.369
-04.340
-04.314
-04.292
-04.270
-04.245
-04.223
-04.198
-04.176
-04.147
-04.117
-04.088
-04.063
-04.034
-04.008
-03.979
-03.950
-03.921
-03.888
-03.862
-03.837
-03.811
-03.779
-03.749
-03.720
-03.691
-03.662
-03.633
-03.604
-03.571
-03.538
-03.502
-03.476
-03.440
-03.407
-03.378
-03.345
-03.312
-03.276
-03.243
-03.210
-03.170
-03.137
-03.108
-03.072
-03.035
-02.999
-02.966
-02.930
-02.897
-02.857
-02.820
-02.787
-02.755
-02.715
-02.682
-02.645
-02.605
-02.569
-02.529
-02.489
-02.460
-02.412
-02.372
-02.332
-02.292
-02.252
-02.215
-02.172
-02.132
-02.088
-02.044
-02.008
-01.968
-01.924
-01.880
-01.840
-01.800
-01.756
-01.713
-01.676
-01.632
-01.589
-01.549
-01.505
-01.461
-01.421
-01.377
-01.337
-01.294
-01.254
-01.210
-01.170
-01.122
-01.079
-01.039
-00.995
-00.955
-00.911
-00.867
-00.831
-00.787
-00.743
-00.696
-00.652
-00.605
-00.569
-00.528
-00.488
-00.445
-00.397
-00.350
-00.310
-00.270
-00.226
-00.179
-00.135
-00.095
-00.051
-00.011
00.029
00.073
00.109
00.153
00.197
00.237
00.284
00.328
00.368
00.412
00.452
00.499
00.543
00.583
00.630
00.689
00.714
00.754
00.794
00.834
00.878
00.918
00.965
01.009
01.049
01.093
01.140
01.180
01.221
01.264
01.304
01.352
01.388
01.432
01.472
01.516
01.559
01.603
01.647
01.683
01.731
01.771
01.811
01.858
01.902
01.942
01.982
02.029
02.077
02.120
02.161
02.201
02.241
02.284
02.321
02.365
02.405
02.448
02.496
02.536
02.572
02.612
02.652
02.689
02.729
02.776
02.816
02.860
02.900
02.937
02.977
03.006
03.046
03.082
03.122
03.155
03.192
03.232
03.272
03.305
03.341
03.378
03.414
03.454
03.487
03.520
03.552
03.596
03.625
03.658
03.702
03.724
03.753
03.793
03.829
03.866
03.902
03.939
03.971
04.008
04.041
04.081
04.110
04.143
04.179
04.212
04.241
04.278
04.310
04.336
04.372
04.405
04.445
04.474
04.503
04.536
04.569
04.591
04.627
04.664
04.689
04.715
04.744
04.777
04.802
04.839
04.864
04.897
04.926
04.959
04.988
05.017
05.043
05.075
05.105
05.130
05.167
05.192
05.225
05.254
05.276
05.305
05.334
05.367
05.392
05.422
05.451
05.476
05.502
05.527
05.553
05.578
05.611
05.637
05.662
05.688
05.713
05.739
05.771
05.797
05.822
05.841
05.870
05.892
05.921
05.943
05.961
05.990
06.016
06.037
06.059
06.081
06.107
06.132
06.150
06.179
06.201
06.220
06.241
06.263
06.282
06.303
06.325
06.343
06.369
06.384
06.413
06.431
06.445
06.460
06.482
06.500
06.515
06.537
06.558
06.577
06.595
06.606
06.624
06.639
06.657
06.671
06.693
06.708
06.726
06.741
06.759
06.773
06.781
06.803
06.824
06.835
06.843
06.857
06.868
06.883
06.894
06.908
06.919
06.934
06.941
06.952
06.956
06.945
06.926
06.908
06.890
06.864
06.846
06.832
06.806
06.788
06.773
06.748
06.726
06.708
06.686
06.668
06.653
06.635
06.613
06.598
06.577
06.555
06.533
06.537
06.500
06.478
06.460
06.435
06.413
06.394
06.380
06.358
06.333
06.311
06.289
06.267
06.245
06.227
06.201
06.179
06.158
06.132
06.114
06.088
06.059
06.034
06.005
05.986
05.957
05.932
05.910
05.881
05.859
05.830
05.804
05.782
05.750
05.720
05.699
05.673
05.640
05.611
05.582
05.553
05.524
05.498
05.476
05.443
05.414
05.385
05.360
05.327
05.301
05.265
05.239
05.210
05.167
05.145
05.112
05.083
05.054
05.024
04.992
04.959
04.930
04.904
04.868
04.839
04.809
04.777
04.740
04.707
04.675
04.649
04.616
04.584
04.554
04.518
04.489
04.452
04.416
04.394
04.365
04.329
04.292
04.263
04.230
04.194
04.165
04.128
04.088
04.055
04.015
03.982
03.942
03.906
03.869
03.833
03.800
03.767
03.731
03.695
03.662
03.629
03.589
03.556
03.520
03.483
03.447
03.410
03.370
03.337
03.294
03.261
03.221
03.184
03.148
03.108
03.068
03.031
02.995
02.955
02.918
02.882
02.838
02.798
02.758
02.718
02.678
02.642
02.601
02.554
02.514
02.474
02.434
02.394
02.346
02.303
02.259
02.215
02.175
02.131
02.091
02.048
02.004
01.960
01.916
01.876
01.833
01.782
01.742
01.694
01.654
01.610
01.578
01.534
01.490
01.439
01.392
01.348
01.308
01.268
01.217
01.173
01.129
01.086
01.042
01.002
00.962
00.918
00.878
00.834
00.791
00.750
00.699
00.656
00.612
00.568
00.532
00.484
00.441
00.393
00.350
00.306
00.270
00.219
00.178
00.135
00.095
00.047
00.007
-00.037
-00.077
-00.120
-00.164
-00.211
-00.252
-00.299
-00.335
-00.386
-00.423
-00.459
-00.499
-00.547
-00.594
-00.630
-00.671
-00.714
-00.762
-00.805
-00.849
-00.896
-00.940
-00.984
-01.020
-01.068
-01.108
-01.151
-01.192
-01.235
-01.272
-01.319
-01.363
-01.403
-01.450
-01.490
-01.534
-01.578
-01.622
-01.665
-01.705
-01.745
-01.789
-01.836
-01.877
-01.924
-01.964
-02.004
-02.044
-02.088
-02.124
-02.168
-02.204
-02.248
-02.281
-02.321
-02.361
-02.405
-02.449
-02.496
-02.532
-02.569
-02.609
-02.645
-02.682
-02.722
-02.755
-02.795
-02.831
-02.868
-02.911
-02.948
-02.977
-03.013
-03.046
-03.083
-03.115
-03.155
-03.192
-03.217
-03.254
-03.298
-03.330
-03.363
-03.396
-03.421
-03.451
-03.487
-03.520
-03.556
-03.589
-03.618
-03.644
-03.673
-03.706
-03.731
-03.764
-03.793
-03.822
-03.848
-03.877
-03.910
-03.939
-03.964
-03.994
-04.023
-04.052
-04.077
-04.106
-04.128
-04.157
-04.183
-04.212
-04.238
-04.260
-04.289
-04.311
-04.336
-04.362
-04.391
-04.409
-04.434
-04.453
-04.478
-04.500
-04.525
-04.547
-04.573
-04.595
-04.620
-04.642
-04.664
-04.682
-04.704
-04.722
-04.744
-04.766
-04.791
-04.806
-04.828
-04.842
-04.861
-04.879
-04.897
-04.908
-04.930
-04.948
-04.966
-04.981
-04.996
-05.014
-05.036
-05.043
-05.061
-05.076
-05.094
-05.108
-05.123
-05.138
-05.159
-05.170
-05.189
-05.200
-05.210
-05.225
-05.236
-05.247
-05.251
-05.265
-05.272
-05.287
-05.298
-05.309
-05.316
-05.327
-05.334
-05.345
-05.353
-05.367
-05.367
-05.378
-05.378
-05.382
-05.389
-05.396
-05.400
-05.407
-05.407
-05.411
-05.415
-05.422
-05.425
-05.433
-05.436
-05.444
-05.447
-05.447
-05.458
-05.462
-05.466
-05.473
-05.484
-05.487
-05.491
-05.491
-05.491
-05.502
-05.506
-05.498
-05.502
-05.513
-05.513
-05.513
-05.517
-05.520
-05.524
-05.520
-05.513
-05.509
-05.506
-05.502
-05.498
-05.495
-05.491
-05.487
-05.484
-05.480
-05.476
-05.469
-05.462
-05.451
-05.455
-05.447
-05.440
-05.444
-05.436
-05.433
-05.425
-05.422
-05.418
-05.411
-05.404
-05.393
-05.385
-05.378
-05.371
-05.364
-05.356
-05.345
-05.345
-05.342
-05.331
-05.323
-05.320
-05.309
-05.298
-05.287
-05.276
-05.261
-05.258
-05.243
-05.240
-05.225
-05.218
-05.207
-05.192
-05.178
-05.159
-05.149
-05.138
-05.123
-05.108
-05.094
-05.076
-05.057
-05.039
-05.025
-05.003
-04.988
-04.974
-04.955
-04.937
-04.923
-04.904
-04.886
-04.868
-04.853
-04.839
-04.821
-04.806
-04.784
-04.762
-04.748
-04.726
-04.704
-04.679
-04.657
-04.638
-04.617
-04.598
-04.576
-04.558
-04.533
-04.511
-04.485
-04.464
-04.442
-04.420
-04.394
-04.372
-04.347
-04.318
-04.300
-04.270
-04.245
-04.219
-04.194
-04.168
-04.139
-04.114
-04.088
-04.059
-04.034
-04.008
-03.983
-03.953
-03.921
-03.895
-03.866
-03.837
-03.808
-03.779
-03.749
-03.728
-03.698
-03.662
-03.636
-03.600
-03.571
-03.542
-03.513
-03.472
-03.440
-03.403
-03.374
-03.338
-03.301
-03.268
-03.239
-03.206
-03.170
-03.137
-03.108
-03.072
-03.035
-02.999
-02.962
-02.926
-02.893
-02.857
-02.824
-02.787
-02.755
-02.715
-02.685
-02.645
-02.613
-02.573
-02.529
-02.492
-02.452
-02.416
-02.376
-02.332
-02.296
-02.252
-02.215
-02.172
-02.132
-02.095
-02.059
-02.015
-01.975
-01.935
-01.891
-01.851
-01.811
-01.767
-01.724
-01.680
-01.632
-01.592
-01.556
-01.509
-01.468
-01.425
-01.385
-01.337
-01.297
-01.250
-01.210
-01.166
-01.122
-01.082
-01.042
-00.998
-00.955
-00.911
-00.871
-00.831
-00.783
-00.740
-00.696
-00.656
-00.612
-00.572
-00.528
-00.485
-00.441
-00.397
-00.354
-00.313
-00.270
-00.230
-00.182
-00.146
-00.098
-00.058
-00.018
00.022
00.062
00.106
00.153
00.197
00.237
00.280
00.324
00.364
00.412
00.452
00.495
00.543
00.583
00.627
00.659
00.707
00.747
00.783
00.831
00.871
00.918
00.958
01.009
01.049
01.089
01.133
01.173
01.217
01.257
01.304
01.344
01.388
01.428
01.468
01.512
01.556
01.599
01.643
01.691
01.734
01.771
01.814
01.855
01.898
01.942
01.982
02.029
02.069
02.113
02.153
02.201
02.233
02.277
02.321
02.357
02.405
02.448
02.492
02.532
02.572
02.609
02.652
02.693
02.736
02.769
02.813
02.853
02.889
02.929
02.969
03.017
03.050
03.090
03.126
03.163
03.199
03.239
03.276
03.308
03.348
03.378
03.414
03.447
03.490
03.520
03.560
03.596
03.622
03.665
03.695
03.731
03.760
03.797
03.833
03.869
03.902
03.942
03.975
04.008
04.037
04.070
04.103
04.135
04.172
04.201
04.237
04.274
04.307
04.343
04.376
04.409
04.438
04.471
04.500
04.533
04.558
04.591
04.620
04.653
04.686
04.715
04.744
04.777
04.809
04.839
04.868
04.890
04.908
04.941
04.981
05.014
05.039
05.072
05.101
05.134
05.156
05.196
05.221
05.250
05.276
05.301
05.331
05.360
05.385
05.418
05.443
05.469
05.494
05.527
05.556
05.586
05.611
05.640
05.662
05.691
05.717
05.742
05.771
05.793
05.819
05.844
05.873
05.895
05.917
05.946
05.965
05.990
06.012
06.030
06.059
06.077
06.103
06.125
06.147
06.169
06.187
06.216
06.238
06.260
06.282
06.303
06.325
06.347
06.369
06.394
06.405
06.424
06.445
06.460
06.482
06.500
06.518
06.537
06.555
06.573
06.588
06.609
06.624
06.639
06.653
06.679
06.697
06.711
06.722
06.737
06.752
06.766
06.784
06.792
06.810
06.824
06.843
06.854
06.868
06.879
06.894
06.901
06.919
06.930
06.941
06.948
06.952
06.937
06.923
06.905
06.886
06.868
06.843
06.824
06.806
06.784
06.770
06.748
06.730
06.715
06.693
06.682
06.657
06.639
06.620
06.595
06.577
06.562
06.540
06.518
06.500
06.482
06.464
06.442
06.424
06.405
06.387
06.362
06.336
06.318
06.292
06.274
06.252
06.227
06.209
06.183
06.158
06.132
06.110
06.088
06.067
06.037
06.012
05.986
05.965
05.935
05.917
05.884
05.862
05.830
05.801
05.779
05.753
05.724
05.695
05.673
05.644
05.611
05.582
05.556
05.527
05.502
05.476
05.443
05.389
05.374
05.349
05.327
05.298
05.269
05.236
05.203
05.170
05.141
05.112
05.079
05.043
05.017
04.988
04.959
04.930
04.897
04.868
04.835
04.802
04.769
04.740
04.707
04.675
04.646
04.616
04.580
04.551
04.518
04.485
04.456
04.427
04.390
04.358
04.325
04.296
04.263
04.223
04.190
04.157
04.121
04.084
04.048
04.012
03.975
03.946
03.906
03.869
03.837
03.800
03.764
03.727
03.695
03.654
03.618
03.578
03.549
03.520
03.480
03.443
03.407
03.374
03.337
03.301
03.261
03.225
03.188
03.152
03.112
03.071
03.031
02.995
02.959
02.915
02.878
02.838
02.802
02.758
02.718
02.682
02.638
02.601
02.565
02.525
02.478
02.441
02.390
02.346
02.306
02.259
02.215
02.175
02.131
02.084
02.040
02.000
01.964
01.916
01.869
01.825
01.778
01.738
01.698
01.654
01.618
01.570
01.527
01.479
01.439
01.399
01.355
01.308
01.264
01.221
01.173
01.137
01.093
01.042
01.006
00.965
00.918
00.878
00.831
00.791
00.747
00.703
00.663
00.619
00.572
00.525
00.481
00.437
00.393
00.353
00.310
00.270
00.226
00.186
00.138
00.095
00.055
00.011
-00.033
-00.080
-00.117
-00.157
-00.201
-00.244
-00.288
-00.328
-00.379
-00.423
-00.463
-00.507
-00.550
-00.594
-00.630
-00.671
-00.722
-00.765
-00.805
-00.849
-00.896
-00.940
-00.984
-01.028
-01.064
-01.108
-01.148
-01.192
-01.232
-01.268
-01.315
-01.359
-01.403
-01.447
-01.487
-01.530
-01.574
-01.614
-01.658
-01.702
-01.745
-01.785
-01.829
-01.873
-01.917
-01.957
-01.997
-02.041
-02.081
-02.121
-02.164
-02.204
-02.245
-02.288
-02.328
-02.372
-02.409
-02.452
-02.492
-02.536
-02.573
-02.613
-02.649
-02.689
-02.722
-02.762
-02.791
-02.835
-02.868
-02.908
-02.937
-02.973
-03.006
-03.050
-03.079
-03.115
-03.148
-03.181
-03.217
-03.250
-03.279
-03.323
-03.356
-03.385
-03.425
-03.458
-03.491
-03.520
-03.549
-03.582
-03.615
-03.644
-03.673
-03.706
-03.735
-03.768
-03.797
-03.826
-03.855
-03.884
-03.910
-03.935
-03.968
-03.997
-04.026
-04.048
-04.081
-04.110
-04.132
-04.157
-04.183
-04.208
-04.238
-04.267
-04.289
-04.318
-04.343
-04.369
-04.398
-04.416
-04.442
-04.467
-04.485
-04.507
-04.525
-04.551
-04.569
-04.591
-04.617
-04.638
-04.660
-04.682
-04.704
-04.730
-04.748
-04.770
-04.784
-04.802
-04.821
-04.839
-04.857
-04.879
-04.893
-04.912
-04.926
-04.945
-04.963
-04.981
-04.996
-05.010
-05.028
-05.043
-05.061
-05.079
-05.094
-05.112
-05.127
-05.141
-05.159
-05.170
-05.185
-05.200
-05.210
-05.221
-05.240
-05.251
-05.258
-05.269
-05.280
-05.287
-05.298
-05.305
-05.316
-05.323
-05.331
-05.338
-05.349
-05.353
-05.360
-05.371
-05.378
-05.385
-05.393
-05.396
-05.400
-05.411
-05.418
-05.425
-05.425
-05.433
-05.440
-05.440
-05.444
-05.451
-05.455
-05.455
-05.462
-05.462
-05.466
-05.476
-05.476
-05.480
-05.480
-05.484
-05.491
-05.495
-05.495
-05.506
-05.506
-05.513
-05.513
-05.517
-05.517
-05.520
-05.524
-05.524
-05.517
-05.506
-05.509
-05.506
-05.502
-05.495
-05.491
-05.491
-05.480
-05.476
-05.473
-05.469
-05.466
-05.466
-05.455
-05.451
-05.444
-05.444
-05.433
-05.433
-05.429
-05.425
-05.415
-05.415
-05.407
-05.404
-05.389
-05.385
-05.382
-05.374
-05.364
-05.356
-05.349
-05.331
-05.331
-05.320
-05.313
-05.305
-05.291
-05.283
-05.272
-05.265
-05.261
-05.243
-05.232
-05.225
-05.210
-05.203
-05.192
-05.181
-05.170
-05.149
-05.141
-05.123
-05.108
-05.090
-05.072
-05.057
-05.043
-05.032
-05.014
-04.999
-04.985
-04.966
-04.952
-04.930
-04.915
-04.897
-04.879
-04.864
-04.839
-04.824
-04.799
-04.781
-04.762
-04.744
-04.730
-04.708
-04.689
-04.668
-04.646
-04.628
-04.602
-04.580
-04.555
-04.533
-04.507
-04.485
-04.464
-04.434
-04.420
-04.394
-04.369
-04.343
-04.321
-04.300
-04.274
-04.249
-04.223
-04.198
-04.172
-04.150
-04.121
-04.096
-04.066
-04.034
-04.008
-03.979
-03.953
-03.928
-03.895
-03.873
-03.837
-03.815
-03.782
-03.757
-03.728
-03.695
-03.662
-03.629
-03.596
-03.571
-03.542
-03.513
-03.483
-03.447
-03.411
-03.381
-03.352
-03.319
-03.283
-03.247
-03.214
-03.177
-03.145
-03.104
-03.068
-03.035
-02.999
-02.966
-02.937
-02.904
-02.864
-02.828
-02.791
-02.758
-02.726
-02.689
-02.645
-02.609
-02.573
-02.532
-02.489
-02.452
-02.416
-02.379
-02.336
-02.299
-02.259
-02.223
-02.179
-02.139
-02.102
-02.059
-02.015
-01.971
-01.935
-01.895
-01.847
-01.811
-01.760
-01.720
-01.680
-01.640
-01.596
-01.556
-01.512
-01.468
-01.425
-01.385
-01.341
-01.305
-01.257
-01.217
-01.173
-01.133
-01.090
-01.049
-01.002
-00.955
-00.911
-00.871
-00.831
-00.791
-00.747
-00.711
-00.660
-00.620
-00.572
-00.525
-00.485
-00.445
-00.401
-00.361
-00.321
-00.277
-00.237
-00.190
-00.149
-00.113
-00.069
-00.026
00.018
00.062
00.106
00.142
00.189
00.233
00.273
00.317
00.361
00.401
00.441
00.488
00.532
00.576
00.616
00.656
00.703
00.747
00.787
00.831
00.874
00.918
00.962
01.002
01.038
01.082
01.126
01.169
01.213
01.257
01.301
01.348
01.388
01.428
01.468
01.508
01.552
01.599
01.636
01.680
01.723
01.760
01.811
01.855
01.895
01.935
01.982
02.022
02.066
02.102
02.146
02.190
02.230
02.274
02.321
02.357
02.405
02.445
02.485
02.529
02.572
02.609
02.645
02.693
02.729
02.769
02.813
02.853
02.886
02.926
02.959
03.002
03.035
03.075
03.115
03.159
03.192
03.232
03.268
03.305
03.337
03.374
03.410
03.443
03.480
03.516
03.552
03.589
03.625
03.658
03.687
03.727
03.756
03.797
03.833
03.869
03.902
03.942
03.971
04.008
04.041
04.070
04.103
04.132
04.172
04.208
04.241
04.278
04.303
04.336
04.372
04.401
04.431
04.467
04.496
04.529
04.562
04.591
04.624
04.649
04.678
04.707
04.740
04.769
04.802
04.831
04.860
04.893
04.922
04.952
04.988
05.006
05.039
05.072
05.101
05.126
05.163
05.192
05.221
05.247
05.276
05.301
05.338
05.363
05.389
05.414
05.443
05.476
05.505
05.531
05.553
05.582
05.604
05.637
05.662
05.691
05.713
05.742
05.764
05.790
05.815
05.837
05.862
05.888
05.921
05.939
05.968
05.994
06.012
06.037
06.059
06.081
06.107
06.132
06.150
06.176
06.198
06.223
06.238
06.263
06.285
06.303
06.325
06.351
06.362
06.380
06.402
06.420
06.445
06.464
06.482
06.504
06.518
06.537
06.555
06.573
06.588
06.602
06.624
06.639
06.650
06.671
06.693
06.708
06.722
06.741
06.755
06.770
06.788
06.803
06.813
06.824
06.839
06.850
06.864
06.883
06.897
06.908
06.923
06.934
06.945
06.956
06.959
06.952
06.937
06.915
06.897
06.875
06.850
06.864
06.817
06.795
06.777
06.759
06.737
06.715
06.697
06.675
06.653
06.635
06.613
06.598
06.577
06.558
06.544
06.518
06.504
06.486
06.460
06.442
06.424
06.405
06.384
06.358
06.340
06.314
06.300
06.274
06.249
06.227
06.205
06.183
06.161
06.132
06.107
06.085
06.056
06.030
06.008
05.979
05.954
05.935
05.910
05.884
05.859
05.830
05.811
05.782
05.757
05.728
05.702
05.673
05.633
05.611
05.586
05.556
05.524
05.494
05.473
05.447
05.418
05.389
05.360
05.331
05.294
05.265
05.236
05.207
05.177
05.148
05.116
05.086
05.054
05.024
04.995
04.966
04.930
04.901
04.879
04.850
04.813
04.780
04.751
04.718
04.686
04.653
04.616
04.584
04.558
04.525
04.492
04.460
04.431
04.398
04.361
04.332
04.299
04.270
04.234
04.197
04.161
04.128
04.092
04.055
04.022
03.986
03.950
03.917
03.880
03.848
03.804
03.775
03.738
03.705
03.669
03.629
03.593
03.560
03.527
03.490
03.450
03.418
03.381
03.345
03.308
03.268
03.235
03.192
03.155
03.119
03.082
03.046
03.006
02.966
02.922
02.882
02.842
02.809
02.765
02.725
02.678
02.645
02.609
02.565
02.529
02.481
02.437
02.394
02.350
02.306
02.266
02.223
02.179
02.142
02.095
02.048
02.008
01.960
01.920
01.876
01.833
01.789
01.745
01.701
01.654
01.614
01.570
01.538
01.490
01.446
01.403
01.359
01.315
01.272
01.228
01.188
01.144
01.100
01.049
01.013
00.965
00.925
00.882
00.838
00.798
00.754
00.714
00.670
00.627
00.579
00.536
00.495
00.444
00.404
00.357
00.317
00.277
00.233
00.189
00.142
00.102
00.062
00.011
-00.029
-00.073
-00.113
-00.153
-00.197
-00.244
-00.284
-00.332
-00.375
-00.415
-00.459
-00.503
-00.543
-00.583
-00.623
-00.667
-00.711
-00.751
-00.794
-00.842
-00.886
-00.929
-00.966
-01.009
-01.057
-01.097
-01.137
-01.184
-01.228
-01.272
-01.312
-01.356
-01.399
-01.450
-01.487
-01.538
-01.578
-01.618
-01.662
-01.702
-01.745
-01.785
-01.826
-01.873
-01.906
-01.946
-01.990
-02.033
-02.081
-02.121
-02.161
-02.201
-02.245
-02.285
-02.325
-02.361
-02.401
-02.441
-02.481
-02.525
-02.562
-02.598
-02.634
-02.678
-02.715
-02.747
-02.784
-02.820
-02.864
-02.897
-02.933
-02.962
-02.999
-03.039
-03.072
-03.104
-03.141
-03.170
-03.206
-03.243
-03.283
-03.312
-03.349
-03.378
-03.418
-03.451
-03.483
-03.513
-03.545
-03.575
-03.607
-03.640
-03.673
-03.702
-03.728
-03.757
-03.789
-03.815
-03.848
-03.877
-03.910
-03.932
-03.961
-03.994
-04.019
-04.052
-04.077
-04.106
-04.128
-04.154
-04.179
-04.212
-04.238
-04.263
-04.285
-04.314
-04.340
-04.362
-04.387
-04.409
-04.431
-04.456
-04.474
-04.493
-04.511
-04.540
-04.566
-04.584
-04.609
-04.628
-04.657
-04.675
-04.689
-04.715
-04.737
-04.759
-04.781
-04.795
-04.821
-04.835
-04.853
-04.872
-04.890
-04.908
-04.926
-04.945
-04.959
-04.981
-04.999
-05.010
-05.028
-05.039
-05.057
-05.076
-05.090
-05.105
-05.119
-05.141
-05.152
-05.167
-05.185
-05.196
-05.210
-05.221
-05.236
-05.243
-05.251
-05.265
-05.276
-05.287
-05.294
-05.305
-05.309
-05.320
-05.327
-05.334
-05.349
-05.356
-05.360
-05.364
-05.374
-05.382
-05.382
-05.396
-05.400
-05.400
-05.407
-05.407
-05.411
-05.418
-05.422
-05.429
-05.433
-05.440
-05.444
-05.455
-05.462
-05.469
-05.469
-05.473
-05.476
-05.480
-05.487
-05.491
-05.495
-05.491
-05.495
-05.498
-05.498
-05.506
-05.506
-05.513
-05.517
-05.520
-05.520
-05.513
-05.509
-05.509
-05.502
-05.498
-05.491
-05.491
-05.484
-05.484
-05.476
-05.469
-05.462
-05.458
-05.455
-05.447
-05.444
-05.444
-05.444
-05.436
-05.436
-05.429
-05.425
-05.425
-05.418
-05.411
-05.400
-05.389
-05.385
-05.374
-05.367
-05.367
-05.356
-05.349
-05.342
-05.334
-05.327
-05.320
-05.313
-05.305
-05.294
-05.287
-05.276
-05.269
-05.258
-05.243
-05.232
-05.225
-05.210
-05.200
-05.189
-05.174
-05.163
-05.152
-05.130
-05.112
-05.101
-05.087
-05.072
-05.057
-05.047
-05.032
-05.014
-04.992
-04.974
-04.959
-04.945
-04.926
-04.904
-04.886
-04.868
-04.853
-04.835
-04.817
-04.799
-04.777
-04.762
-04.748
-04.722
-04.704
-04.682
-04.664
-04.646
-04.620
-04.598
-04.576
-04.551
-04.529
-04.507
-04.485
-04.464
-04.442
-04.416
-04.391
-04.369
-04.351
-04.321
-04.300
-04.281
-04.252
-04.230
-04.201
-04.176
-04.143
-04.117
-04.092
-04.063
-04.037
-04.012
-03.986
-03.953
-03.921
-03.899
-03.866
-03.837
-03.811
-03.779
-03.749
-03.724
-03.691
-03.658
-03.629
-03.589
-03.564
-03.531
-03.502
-03.469
-03.436
-03.400
-03.374
-03.349
-03.316
-03.279
-03.247
-03.210
-03.177
-03.145
-03.104
-03.075
-03.035
-02.995
-02.966
-02.926
-02.893
-02.857
-02.824
-02.791
-02.755
-02.722
-02.682
-02.642
-02.602
-02.573
-02.532
-02.489
-02.449
-02.412
-02.372
-02.332
-02.292
-02.248
-02.208
-02.172
-02.124
-02.092
-02.051
-02.008
-01.968
-01.924
-01.880
-01.844
-01.804
-01.764
-01.716
-01.676
-01.632
-01.592
-01.552
-01.509
-01.461
-01.425
-01.377
-01.337
-01.301
-01.254
-01.217
-01.170
-01.126
-01.082
-01.042
-00.998
-00.958
-00.918
-00.878
-00.834
-00.787
-00.743
-00.700
-00.660
-00.620
-00.579
-00.532
-00.485
-00.441
-00.397
-00.361
-00.317
-00.273
-00.230
-00.182
-00.142
-00.098
-00.058
-00.018
00.025
00.069
00.106
00.149
00.189
00.237
00.280
00.324
00.364
00.404
00.448
00.495
00.539
00.579
00.623
00.663
00.707
00.747
00.794
00.834
00.874
00.914
00.958
01.002
01.042
01.089
01.137
01.180
01.221
01.264
01.304
01.344
01.392
01.432
01.472
01.512
01.556
01.599
01.640
01.687
01.723
01.767
01.811
01.855
01.898
01.938
01.982
02.022
02.066
02.102
02.150
02.193
02.233
02.277
02.317
02.361
02.405
02.441
02.485
02.529
02.569
02.601
02.649
02.689
02.729
02.773
02.813
02.849
02.886
02.929
02.969
03.010
03.050
03.090
03.130
03.159
03.195
03.228
03.268
03.301
03.334
03.370
03.410
03.447
03.487
03.520
03.552
03.589
03.625
03.654
03.687
03.720
03.764
03.800
03.833
03.866
03.899
03.931
03.968
03.997
04.037
04.070
04.106
04.135
04.168
04.205
04.241
04.278
04.307
04.336
04.369
04.401
04.438
04.463
04.496
04.529
04.558
04.587
04.620
04.649
04.678
04.715
04.744
04.766
04.795
04.824
04.857
04.882
04.922
04.955
04.977
05.010
05.039
05.072
05.094
05.126
05.156
05.188
05.218
05.247
05.272
05.301
05.331
05.356
05.385
05.411
05.447
05.476
05.502
05.531
05.556
05.586
05.611
05.637
05.666
05.688
05.720
05.746
05.768
05.793
05.815
05.844
05.866
05.892
05.913
05.939
05.961
05.990
06.012
06.041
06.067
06.085
06.107
06.132
06.150
06.176
06.198
06.216
06.238
06.263
06.289
06.311
06.325
06.347
06.369
06.391
06.405
06.427
06.453
06.471
06.478
06.500
06.515
06.537
06.562
06.577
06.591
06.606
06.624
06.642
06.660
06.675
06.693
06.711
06.726
06.737
06.752
06.766
06.784
06.799
06.817
06.824
06.839
06.854
06.864
06.886
06.897
06.905
06.919
06.930
06.941
06.967
06.959
06.948
06.934
06.912
06.894
06.872
06.854
06.839
06.813
06.799
06.781
06.762
06.741
06.722
06.697
06.686
06.664
06.639
06.617
06.602
06.584
06.558
06.544
06.511
06.507
06.489
06.460
06.442
06.424
06.402
06.387
06.362
06.347
06.322
06.303
06.278
06.260
06.234
06.212
06.187
06.165
06.139
06.121
06.096
06.070
06.041
06.019
05.994
05.965
05.943
05.917
05.888
05.841
05.833
05.801
05.771
05.750
05.717
05.695
05.669
05.644
05.618
05.593
05.567
05.535
05.502
05.476
05.454
05.414
05.389
05.360
05.331
05.298
05.269
05.239
05.210
05.181
05.148
05.112
05.090
05.061
05.028
04.995
04.966
04.933
04.897
04.871
04.842
04.809
04.780
04.744
04.711
04.682
04.656
04.624
04.591
04.558
04.525
04.496
04.463
04.431
04.394
04.365
04.329
04.299
04.270
04.234
04.201
04.165
04.124
04.092
04.055
04.022
03.986
03.946
03.910
03.873
03.840
03.804
03.771
03.738
03.702
03.665
03.625
03.585
03.552
03.523
03.490
03.450
03.414
03.378
03.348
03.305
03.272
03.235
03.199
03.159
03.122
03.086
03.042
03.002
02.959
02.922
02.882
02.846
02.805
02.773
02.729
02.685
02.649
02.605
02.565
02.521
02.474
02.437
02.390
02.350
02.314
02.270
02.226
02.182
02.142
02.102
02.051
02.008
01.964
01.924
01.880
01.840
01.793
01.745
01.705
01.658
01.618
01.578
01.534
01.490
01.443
01.399
01.359
01.315
01.272
01.231
01.188
01.140
01.100
01.057
01.013
00.969
00.925
00.882
00.838
00.791
00.750
00.710
00.667
00.627
00.579
00.539
00.499
00.459
00.404
00.361
00.321
00.273
00.229
00.186
00.142
00.102
00.058
00.022
-00.026
-00.066
-00.113
-00.160
-00.197
-00.241
-00.281
-00.321
-00.364
-00.412
-00.459
-00.503
-00.543
-00.590
-00.627
-00.671
-00.714
-00.762
-00.802
-00.842
-00.886
-00.929
-00.969
-01.013
-01.057
-01.093
-01.133
-01.184
-01.217
-01.268
-01.305
-01.352
-01.399
-01.439
-01.483
-01.527
-01.567
-01.614
-01.658
-01.702
-01.742
-01.785
-01.826
-01.866
-01.913
-01.957
-01.997
-02.041
-02.084
-02.128
-02.168
-02.212
-02.252
-02.292
-02.332
-02.368
-02.409
-02.445
-02.489
-02.525
-02.569
-02.605
-02.638
-02.678
-02.722
-02.751
-02.791
-02.824
-02.860
-02.893
-02.933
-02.962
-02.999
-03.039
-03.075
-03.112
-03.141
-03.181
-03.214
-03.247
-03.283
-03.316
-03.349
-03.381
-03.414
-03.447
-03.483
-03.516
-03.553
-03.585
-03.615
-03.644
-03.677
-03.702
-03.735
-03.768
-03.793
-03.819
-03.848
-03.881
-03.910
-03.939
-03.964
-03.994
-04.026
-04.052
-04.077
-04.106
-04.128
-04.154
-04.179
-04.205
-04.230
-04.256
-04.285
-04.307
-04.332
-04.358
-04.383
-04.409
-04.431
-04.453
-04.482
-04.507
-04.525
-04.547
-04.566
-04.591
-04.617
-04.638
-04.660
-04.682
-04.704
-04.719
-04.744
-04.762
-04.777
-04.799
-04.817
-04.839
-04.853
-04.879
-04.897
-04.908
-04.926
-04.948
-04.963
-04.981
-04.999
-05.017
-05.036
-05.054
-05.068
-05.083
-05.094
-05.112
-05.127
-05.145
-05.156
-05.170
-05.178
-05.196
-05.210
-05.218
-05.232
-05.243
-05.251
-05.269
-05.272
-05.280
-05.291
-05.302
-05.309
-05.316
-05.331
-05.338
-05.349
-05.356
-05.364
-05.371
-05.378
-05.385
-05.389
-05.393
-05.396
-05.396
-05.404
-05.415
-05.418
-05.422
-05.436
-05.436
-05.444
-05.451
-05.458
-05.458
-05.462
-05.462
-05.469
-05.480
-05.484
-05.487
-05.487
-05.491
-05.495
-05.495
-05.498
-05.502
-05.498
-05.506
-05.509
-05.513
-05.513
-05.520
-05.520
-05.517
-05.513
-05.509
-05.506
-05.502
-05.498
-05.491
-05.487
-05.480
-05.484
-05.480
-05.476
-05.469
-05.466
-05.455
-05.455
-05.451
-05.447
-05.440
-05.433
-05.433
-05.425
-05.418
-05.415
-05.407
-05.404
-05.396
-05.389
-05.382
-05.374
-05.371
-05.364
-05.360
-05.345
-05.338
-05.334
-05.323
-05.316
-05.305
-05.294
-05.291
-05.280
-05.272
-05.261
-05.251
-05.240
-05.232
-05.221
-05.207
-05.192
-05.181
-05.167
-05.152
-05.141
-05.127
-05.108
-05.090
-05.076
-05.057
-05.043
-05.025
-05.006
-04.992
-04.981
-04.959
-04.945
-04.930
-04.912
-04.893
-04.879
-04.864
-04.850
-04.828
-04.802
-04.784
-04.762
-04.740
-04.719
-04.700
-04.679
-04.657
-04.638
-04.617
-04.598
-04.580
-04.558
-04.533
-04.515
-04.493
-04.471
-04.449
-04.427
-04.405
-04.380
-04.351
-04.325
-04.303
-04.274
-04.245
-04.219
-04.198
-04.172
-04.154
-04.125
-04.096
-04.070
-04.045
-04.015
-03.983
-03.957
-03.932
-03.899
-03.870
-03.840
-03.808
-03.782
-03.757
-03.720
-03.695
-03.666
-03.636
-03.607
-03.575
-03.538
-03.509
-03.480
-03.447
-03.414
-03.385
-03.352
-03.319
-03.287
-03.254
-03.221
-03.185
-03.152
-03.119
-03.079
-03.043
-03.006
-02.970
-02.937
-02.900
-02.860
-02.828
-02.795
-02.762
-02.722
-02.689
-02.649
-02.616
-02.576
-02.540
-02.503
-02.460
-02.416
-02.376
-02.339
-02.303
-02.266
-02.226
-02.179
-02.143
-02.102
-02.059
-02.015
-01.975
-01.935
-01.898
-01.855
-01.811
-01.771
-01.724
-01.680
-01.643
-01.603
-01.560
-01.516
-01.476
-01.432
-01.392
-01.345
-01.305
-01.261
-01.213
-01.173
-01.130
-01.090
-01.046
-01.002
-00.955
-00.915
-00.878
-00.834
-00.791
-00.743
-00.703
-00.660
-00.620
-00.576
-00.528
-00.488
-00.448
-00.408
-00.361
-00.317
-00.281
-00.237
-00.201
-00.157
-00.109
-00.069
-00.026
00.025
00.065
00.106
00.146
00.193
00.233
00.280
00.317
00.361
00.401
00.441
00.488
00.532
00.576
00.619
00.663
00.707
00.747
00.791
00.827
00.871
00.914
00.965
01.006
01.042
01.086
01.129
01.169
01.217
01.257
01.301
01.341
01.384
01.425
01.468
01.516
01.556
01.599
01.636
01.680
01.720
01.756
01.800
01.840
01.884
01.931
01.978
02.026
02.062
02.102
02.150
02.186
02.230
02.266
02.317
02.354
02.397
02.448
02.481
02.525
02.569
02.609
02.649
02.689
02.725
02.762
02.805
02.846
02.886
02.922
02.962
03.002
03.039
03.075
03.119
03.163
03.192
03.232
03.261
03.294
03.337
03.374
03.407
03.447
03.483
03.516
03.545
03.585
03.618
03.651
03.687
03.720
03.756
03.789
03.822
03.858
03.895
03.931
03.964
04.001
04.033
04.066
04.099
04.139
04.172
04.201
04.237
04.270
04.303
04.339
04.372
04.401
04.427
04.463
04.496
04.529
04.562
04.591
04.624
04.646
04.675
04.704
04.744
04.766
04.799
04.831
04.857
04.890
04.915
04.948
04.973
05.006
05.035
05.068
05.090
05.123
05.152
05.185
05.214
05.243
05.272
05.298
05.327
05.352
05.389
05.418
05.440
05.465
05.491
05.520
05.549
05.571
05.597
05.626
05.651
05.688
05.709
05.731
05.757
05.779
05.804
05.837
05.866
05.892
05.910
05.939
05.954
05.979
06.005
06.026
06.052
06.081
06.103
06.132
06.154
06.176
06.194
06.216
06.241
06.260
06.282
06.303
06.322
06.347
06.365
06.394
06.405
06.427
06.445
06.464
06.482
06.504
06.522
06.537
06.551
06.569
06.591
06.606
06.624
06.635
06.650
06.671
06.686
06.708
06.722
06.741
06.759
06.773
06.788
06.803
06.817
06.828
06.846
06.854
06.868
06.905
06.901
06.908
06.923
06.930
06.937
06.956
06.959
06.948
06.930
06.912
06.890
06.872
06.857
06.835
06.824
06.806
06.781
06.759
06.741
06.719
06.697
06.682
06.660
06.639
06.620
06.602
06.584
06.562
06.547
06.522
06.511
06.496
06.471
06.449
06.427
06.409
06.384
06.369
06.343
06.325
06.296
06.285
06.256
06.234
06.209
06.190
06.165
06.143
06.114
06.088
06.067
06.030
06.012
05.986
05.961
05.935
05.910
05.888
05.862
05.833
05.808
05.786
05.753
05.724
05.702
05.673
05.644
05.615
05.589
05.564
05.535
05.509
05.476
05.451
05.422
05.396
05.360
05.327
05.301
05.276
05.243
05.214
05.185
05.159
05.119
05.094
05.065
05.032
04.992
04.966
04.937
04.908
04.882
04.846
04.817
04.784
04.755
04.722
04.697
04.660
04.620
04.587
04.558
04.529
04.500
04.467
04.438
04.405
04.376
04.343
04.310
04.278
04.237
04.205
04.168
04.128
04.099
04.063
04.026
03.993
03.961
03.928
03.888
03.851
03.815
03.786
03.749
03.709
03.673
03.633
03.600
03.567
03.531
03.494
03.454
03.421
03.381
03.345
03.308
03.272
03.235
03.203
03.159
03.119
03.086
03.050
03.002
02.969
02.926
02.886
02.849
02.809
02.765
02.725
02.685
02.642
02.605
02.561
02.521
02.488
02.441
02.401
02.357
02.310
02.270
02.226
02.182
02.139
02.095
02.055
02.011
01.971
01.931
01.884
01.840
01.800
01.756
01.709
01.665
01.621
01.585
01.538
01.494
01.457
01.410
01.363
01.323
01.279
01.239
01.195
01.151
01.108
01.064
01.024
00.976
00.929
00.882
00.838
00.798
00.754
00.710
00.670
00.623
00.579
00.536
00.495
00.448
00.408
00.368
00.321
00.284
00.237
00.189
00.146
00.106
00.062
00.018
-00.026
-00.073
-00.113
-00.160
-00.190
-00.237
-00.281
-00.328
-00.368
-00.415
-00.459
-00.499
-00.543
-00.587
-00.630
-00.674
-00.714
-00.754
-00.798
-00.838
-00.886
-00.929
-00.969
-01.013
-01.057
-01.097
-01.133
-01.181
-01.221
-01.264
-01.308
-01.352
-01.399
-01.439
-01.483
-01.527
-01.567
-01.603
-01.651
-01.694
-01.731
-01.775
-01.818
-01.858
-01.906
-01.949
-01.990
-02.033
-02.077
-02.113
-02.157
-02.197
-02.237
-02.281
-02.317
-02.361
-02.398
-02.438
-02.478
-02.518
-02.558
-02.594
-02.634
-02.667
-02.707
-02.747
-02.784
-02.817
-02.857
-02.893
-02.930
-02.966
-02.999
-03.035
-03.072
-03.104
-03.137
-03.174
-03.206
-03.243
-03.276
-03.309
-03.341
-03.374
-03.403
-03.440
-03.480
-03.513
-03.542
-03.575
-03.607
-03.640
-03.669
-03.695
-03.724
-03.753
-03.782
-03.815
-03.844
-03.866
-03.902
-03.928
-03.957
-03.986
-04.012
-04.048
-04.070
-04.096
-04.117
-04.154
-04.183
-04.205
-04.230
-04.260
-04.285
-04.314
-04.336
-04.358
-04.383
-04.409
-04.431
-04.456
-04.478
-04.496
-04.522
-04.544
-04.566
-04.591
-04.617
-04.631
-04.657
-04.682
-04.704
-04.722
-04.744
-04.759
-04.777
-04.795
-04.817
-04.832
-04.850
-04.868
-04.883
-04.904
-04.926
-04.945
-04.959
-04.981
-04.992
-05.006
-05.025
-05.036
-05.054
-05.068
-05.087
-05.101
-05.119
-05.138
-05.149
-05.170
-05.181
-05.196
-05.210
-05.218
-05.236
-05.240
-05.247
-05.261
-05.269
-05.276
-05.287
-05.294
-05.302
-05.313
-05.320
-05.331
-05.334
-05.342
-05.356
-05.364
-05.371
-05.378
-05.382
-05.389
-05.396
-05.396
-05.404
-05.415
-05.415
-05.422
-05.425
-05.440
-05.444
-05.444
-05.447
-05.451
-05.455
-05.458
-05.462
-05.469
-05.469
-05.476
-05.484
-05.484
-05.484
-05.487
-05.495
-05.495
-05.502
-05.506
-05.506
-05.509
-05.513
-05.513
-05.520
-05.520
-05.517
-05.509
-05.506
-05.498
-05.498
-05.487
-05.480
-05.484
-05.469
-05.469
-05.462
-05.458
-05.458
-05.455
-05.447
-05.447
-05.440
-05.436
-05.433
-05.429
-05.422
-05.422
-05.411
-05.404
-05.396
-05.393
-05.385
-05.382
-05.374
-05.371
-05.360
-05.349
-05.342
-05.334
-05.331
-05.316
-05.316
-05.309
-05.294
-05.287
-05.276
-05.272
-05.254
-05.247
-05.236
-05.225
-05.210
-05.196
-05.189
-05.174
-05.163
-05.149
-05.134
-05.119
-05.101
-05.090
-05.072
-05.061
-05.047
-05.028
-05.014
-04.999
-04.985
-04.966
-04.952
-04.930
-04.912
-04.893
-04.879
-04.857
-04.842
-04.817
-04.795
-04.781
-04.766
-04.744
-04.722
-04.708
-04.686
-04.671
-04.642
-04.620
-04.598
-04.573
-04.562
-04.536
-04.518
-04.489
-04.471
-04.445
-04.427
-04.402
-04.376
-04.351
-04.325
-04.296
-04.274
-04.252
-04.223
-04.198
-04.168
-04.150
-04.121
-04.096
-04.063
-04.037
-04.008
-03.983
-03.957
-03.924
-03.899
-03.866
-03.844
-03.808
-03.779
-03.749
-03.724
-03.691
-03.662
-03.629
-03.604
-03.575
-03.538
-03.509
-03.472
-03.443
-03.411
-03.381
-03.352
-03.312
-03.283
-03.250
-03.217
-03.185
-03.152
-03.112
-03.075
-03.039
-03.006
-02.973
-02.937
-02.904
-02.864
-02.824
-02.795
-02.758
-02.722
-02.685
-02.645
-02.609
-02.569
-02.540
-02.496
-02.463
-02.419
-02.387
-02.347
-02.307
-02.266
-02.223
-02.186
-02.143
-02.099
-02.059
-02.015
-01.971
-01.935
-01.895
-01.851
-01.811
-01.767
-01.724
-01.680
-01.636
-01.596
-01.552
-01.512
-01.468
-01.428
-01.381
-01.345
-01.301
-01.261
-01.221
-01.170
-01.130
-01.082
-01.042
-00.995
-00.962
-00.918
-00.871
-00.831
-00.787
-00.743
-00.707
-00.663
-00.620
-00.579
-00.539
-00.492
-00.448
-00.401
-00.364
-00.324
-00.277
-00.237
-00.197
-00.157
-00.117
-00.077
-00.033
00.011
00.055
00.102
00.142
00.186
00.229
00.280
00.321
00.357
00.401
00.441
00.488
00.528
00.572
00.616
00.659
00.699
00.740
00.783
00.827
00.867
00.911
00.962
00.998
01.038
01.082
01.122
01.166
01.206
01.250
01.293
01.337
01.384
01.425
01.472
01.512
01.556
01.599
01.640
01.680
01.720
01.760
01.800
01.840
01.884
01.931
01.975
02.018
02.062
02.106
02.146
02.190
02.230
02.274
02.317
02.357
02.397
02.437
02.481
02.521
02.561
02.605
02.645
02.682
02.722
02.765
02.813
02.853
02.893
02.929
02.969
03.010
03.046
03.086
03.122
03.155
03.192
03.232
03.265
03.305
03.337
03.363
03.399
03.439
03.472
03.509
03.541
03.585
03.618
03.658
03.695
03.724
03.760
03.793
03.826
03.858
03.895
03.935
03.968
04.004
04.033
04.070
04.099
04.139
04.175
04.208
04.241
04.274
04.299
04.332
04.369
04.398
04.431
04.463
04.496
04.529
04.558
04.591
04.620
04.646
04.675
04.707
04.737
04.766
04.799
04.831
04.860
04.886
04.919
04.948
04.981
05.010
05.035
05.068
05.090
05.123
05.156
05.185
05.214
05.247
05.269
05.298
05.327
05.360
05.389
05.418
05.443
05.469
05.498
05.520
05.556
05.578
05.604
05.633
05.658
05.688
05.709
05.739
05.764
05.793
05.815
05.841
05.866
05.892
05.917
05.939
05.961
05.986
06.012
06.034
06.059
06.088
06.110
06.132
06.150
06.172
06.190
06.220
06.245
06.263
06.285
06.303
06.325
06.343
06.362
06.380
06.402
06.420
06.438
06.460
06.478
06.500
06.515
06.540
06.555
06.569
06.588
06.613
06.628
06.642
06.660
06.675
06.690
06.704
06.719
06.737
06.752
06.777
06.795
06.803
06.821
06.835
06.846
06.857
06.875
06.890
06.897
06.912
06.923
06.934
06.945
06.959
06.963
06.952
06.934
06.912
06.897
06.879
06.854
06.846
06.824
06.799
06.784
06.762
06.744
06.726
06.708
06.686
06.671
06.650
06.628
06.609
06.598
06.573
06.551
06.533
06.511
06.489
06.464
06.445
06.424
06.402
06.384
06.362
06.340
06.318
06.303
06.278
06.263
06.234
06.190
06.176
06.158
06.132
06.107
06.081
06.059
06.034
06.016
05.986
05.965
05.939
05.917
05.888
05.855
05.833
05.808
05.779
05.757
05.728
05.699
05.669
05.644
05.618
05.593
05.567
05.538
05.505
05.476
05.447
05.414
05.389
05.360
05.327
05.305
05.272
05.247
05.210
05.177
05.141
05.116
05.086
05.057
05.032
05.010
04.981
04.944
04.912
04.879
04.842
04.813
04.784
04.751
04.726
04.693
04.656
04.624
04.598
04.565
04.533
04.503
04.463
04.434
04.398
04.372
04.336
04.303
04.267
04.237
04.201
04.168
04.135
04.095
04.063
04.026
03.990
03.961
03.920
03.891
03.851
03.815
03.782
03.749
03.705
03.669
03.636
03.603
03.567
03.534
03.494
03.461
03.429
03.385
03.345
03.308
03.276
03.235
03.199
03.159
03.122
03.090
03.031
03.002
02.962
02.929
02.886
02.846
02.802
02.765
02.725
02.689
02.652
02.616
02.572
02.529
02.485
02.437
02.397
02.361
02.314
02.270
02.230
02.186
02.142
02.099
02.055
02.008
01.971
01.924
01.884
01.836
01.796
01.756
01.709
01.661
01.621
01.578
01.530
01.490
01.443
01.399
01.359
01.312
01.275
01.235
01.191
01.148
01.100
01.057
01.016
00.973
00.925
00.885
00.838
00.794
00.750
00.710
00.674
00.634
00.587
00.546
00.499
00.455
00.408
00.372
00.324
00.280
00.237
00.197
00.153
00.106
00.058
00.018
-00.026
-00.066
-00.113
-00.153
-00.197
-00.241
-00.284
-00.328
-00.372
-00.415
-00.456
-00.499
-00.539
-00.583
-00.616
-00.663
-00.703
-00.743
-00.794
-00.834
-00.875
-00.922
-00.962
-01.006
-01.049
-01.093
-01.137
-01.184
-01.224
-01.268
-01.312
-01.352
-01.396
-01.436
-01.479
-01.523
-01.567
-01.603
-01.647
-01.687
-01.738
-01.785
-01.826
-01.869
-01.909
-01.949
-01.993
-02.030
-02.073
-02.113
-02.153
-02.197
-02.234
-02.274
-02.314
-02.358
-02.401
-02.445
-02.485
-02.525
-02.562
-02.598
-02.638
-02.675
-02.715
-02.747
-02.784
-02.824
-02.860
-02.897
-02.937
-02.970
-03.010
-03.039
-03.072
-03.104
-03.137
-03.174
-03.206
-03.239
-03.279
-03.309
-03.341
-03.378
-03.411
-03.443
-03.476
-03.516
-03.545
-03.575
-03.604
-03.640
-03.669
-03.698
-03.724
-03.753
-03.786
-03.815
-03.844
-03.877
-03.906
-03.939
-03.968
-03.994
-04.019
-04.048
-04.074
-04.099
-04.128
-04.157
-04.179
-04.212
-04.234
-04.263
-04.289
-04.311
-04.336
-04.354
-04.383
-04.405
-04.427
-04.456
-04.478
-04.493
-04.522
-04.540
-04.569
-04.587
-04.609
-04.631
-04.657
-04.675
-04.697
-04.719
-04.740
-04.759
-04.781
-04.806
-04.824
-04.835
-04.853
-04.868
-04.883
-04.908
-04.926
-04.945
-04.963
-04.985
-04.999
-05.010
-05.028
-05.047
-05.061
-05.079
-05.094
-05.105
-05.119
-05.134
-05.145
-05.163
-05.181
-05.192
-05.203
-05.221
-05.236
-05.247
-05.254
-05.265
-05.272
-05.283
-05.302
-05.313
-05.320
-05.323
-05.331
-05.338
-05.345
-05.353
-05.364
-05.364
-05.378
-05.382
-05.389
-05.396
-05.404
-05.404
-05.407
-05.418
-05.422
-05.425
-05.433
-05.433
-05.436
-05.444
-05.447
-05.451
-05.451
-05.455
-05.462
-05.469
-05.473
-05.476
-05.484
-05.487
-05.491
-05.498
-05.502
-05.502
-05.502
-05.509
-05.513
-05.517
-05.517
-05.520
-05.524
-05.520
-05.517
-05.509
-05.509
-05.506
-05.498
-05.498
-05.491
-05.487
-05.484
-05.476
-05.476
-05.466
-05.462
-05.462
-05.455
-05.451
-05.444
-05.440
-05.436
-05.425
-05.418
-05.418
-05.400
-05.400
-05.396
-05.393
-05.385
-05.378
-05.371
-05.367
-05.356
-05.353
-05.342
-05.342
-05.331
-05.327
-05.316
-05.305
-05.298
-05.287
-05.276
-05.265
-05.258
-05.251
-05.240
-05.232
-05.218
-05.207
-05.196
-05.181
-05.170
-05.156
-05.138
-05.127
-05.108
-05.094
-05.076
-05.061
-05.047
-05.032
-05.017
-04.999
-04.981
-04.963
-04.948
-04.934
-04.915
-04.890
-04.875
-04.857
-04.842
-04.824
-04.806
-04.788
-04.770
-04.748
-04.730
-04.708
-04.693
-04.668
-04.646
-04.620
-04.602
-04.576
-04.558
-04.536
-04.518
-04.493
-04.467
-04.442
-04.423
-04.398
-04.372
-04.347
-04.325
-04.292
-04.270
-04.249
-04.230
-04.201
-04.179
-04.154
-04.125
-04.099
-04.077
-04.048
-04.015
-03.986
-03.961
-03.932
-03.906
-03.873
-03.848
-03.815
-03.789
-03.764
-03.728
-03.698
-03.666
-03.636
-03.611
-03.582
-03.553
-03.516
-03.491
-03.458
-03.421
-03.385
-03.356
-03.323
-03.287
-03.254
-03.221
-03.188
-03.155
-03.119
-03.086
-03.046
-03.013
-02.981
-02.948
-02.911
-02.875
-02.838
-02.806
-02.769
-02.733
-02.693
-02.656
-02.624
-02.587
-02.547
-02.514
-02.474
-02.427
-02.390
-02.350
-02.307
-02.266
-02.230
-02.186
-02.146
-02.110
-02.070
-02.026
-01.990
-01.946
-01.902
-01.862
-01.818
-01.782
-01.738
-01.694
-01.651
-01.607
-01.567
-01.527
-01.479
-01.439
-01.396
-01.352
-01.308
-01.268
-01.224
-01.177
-01.137
-01.097
-01.053
-01.013
-00.962
-00.922
-00.878
-00.831
-00.791
-00.747
-00.707
-00.667
-00.620
-00.583
-00.543
-00.496
-00.459
-00.415
-00.372
-00.328
-00.284
-00.237
-00.197
-00.153
-00.113
-00.069
-00.033
00.011
00.055
00.098
00.138
00.182
00.226
00.262
00.306
00.350
00.390
00.433
00.477
00.517
00.565
00.608
00.648
00.696
00.740
00.783
00.820
00.867
00.904
00.947
00.991
01.035
01.071
01.118
01.162
01.202
01.250
01.293
01.337
01.377
01.425
01.461
01.505
01.545
01.589
01.632
01.672
01.720
01.763
01.803
01.844
01.891
01.924
01.967
02.015
02.059
02.099
02.142
02.182
02.226
02.266
02.310
02.350
02.390
02.430
02.474
02.514
02.561
02.594
02.638
02.682
02.722
02.758
02.802
02.838
02.878
02.918
02.955
02.995
03.035
03.075
03.112
03.148
03.184
03.217
03.257
03.297
03.334
03.367
03.403
03.439
03.469
03.505
03.538
03.571
03.614
03.647
03.684
03.720
03.753
03.789
03.826
03.858
03.891
03.928
03.961
03.997
04.030
04.066
04.099
04.128
04.168
04.201
04.234
04.267
04.299
04.332
04.361
04.390
04.420
04.456
04.485
04.518
04.547
04.580
04.613
04.642
04.671
04.700
04.729
04.762
04.788
04.817
04.850
04.882
04.904
04.941
04.973
04.999
05.032
05.065
05.097
05.126
05.156
05.185
05.214
05.243
05.272
05.301
05.327
05.360
05.385
05.411
05.440
05.473
05.494
05.524
05.545
05.575
05.593
05.622
05.651
05.677
05.702
05.728
05.753
05.782
05.808
05.837
05.855
05.881
05.906
05.928
05.950
05.975
05.997
06.026
06.048
06.077
06.103
06.125
06.150
06.169
06.198
06.220
06.241
06.256
06.282
06.300
06.318
06.340
06.362
06.376
06.398
06.416
06.431
06.453
06.478
06.493
06.511
06.522
06.544
06.558
06.580
06.598
06.617
06.631
06.650
06.668
06.715
06.715
06.722
06.744
06.755
06.766
06.781
06.795
06.810
06.821
06.832
06.850
06.861
06.879
06.894
06.912
06.915
06.934
06.937
06.952
06.963
06.948
06.930
06.915
06.897
06.879
06.857
06.839
06.817
06.799
06.788
06.762
06.741
06.719
06.701
06.675
06.660
06.642
06.620
06.602
06.584
06.566
06.547
06.529
06.504
06.489
06.467
06.445
06.424
06.405
06.380
06.365
06.336
06.322
06.296
06.274
06.256
06.234
06.205
06.179
06.158
06.136
06.114
06.092
06.067
06.045
06.016
05.990
05.972
05.943
05.917
05.888
05.870
05.837
05.811
05.790
05.760
05.735
05.706
05.680
05.651
05.626
05.593
05.564
05.538
05.505
05.480
05.451
05.422
05.400
05.371
05.334
05.312
05.280
05.243
05.214
05.177
05.152
05.116
05.086
05.057
05.024
04.999
04.973
04.941
04.912
04.875
04.846
04.824
04.791
04.755
04.726
04.689
04.656
04.627
04.598
04.565
04.536
04.500
04.471
04.438
04.405
04.376
04.339
04.303
04.270
04.234
04.205
04.165
04.128
04.095
04.059
04.026
03.993
03.957
03.917
03.880
03.844
03.811
03.778
03.738
03.702
03.665
03.633
03.600
03.563
03.520
03.494
03.461
03.429
03.385
03.352
03.308
03.272
03.239
03.203
03.163
03.126
03.090
03.053
03.024
02.980
02.933
02.897
02.853
02.816
02.773
02.736
02.696
02.656
02.612
02.572
02.529
02.488
02.448
02.408
02.368
02.325
02.277
02.233
02.193
02.146
02.102
02.055
02.015
01.967
01.924
01.880
01.833
01.793
01.760
01.712
01.669
01.625
01.581
01.545
01.501
01.457
01.414
01.366
01.326
01.279
01.239
01.195
01.144
01.104
01.060
01.016
00.969
00.925
00.885
00.842
00.801
00.758
00.714
00.674
00.627
00.572
00.536
00.495
00.452
00.415
00.372
00.324
00.280
00.244
00.197
00.153
00.109
00.065
00.018
-00.026
-00.069
-00.106
-00.146
-00.190
-00.230
-00.270
-00.313
-00.361
-00.397
-00.441
-00.485
-00.532
-00.576
-00.623
-00.667
-00.707
-00.751
-00.805
-00.842
-00.886
-00.929
-00.973
-01.013
-01.057
-01.093
-01.141
-01.181
-01.221
-01.261
-01.308
-01.348
-01.392
-01.436
-01.476
-01.523
-01.567
-01.603
-01.651
-01.694
-01.734
-01.778
-01.822
-01.862
-01.898
-01.939
-01.982
-02.030
-02.073
-02.113
-02.153
-02.194
-02.234
-02.277
-02.314
-02.350
-02.394
-02.441
-02.481
-02.521
-02.562
-02.594
-02.638
-02.675
-02.707
-02.747
-02.784
-02.820
-02.864
-02.897
-02.930
-02.966
-03.002
-03.032
-03.064
-03.101
-03.137
-03.174
-03.206
-03.243
-03.276
-03.309
-03.345
-03.378
-03.411
-03.443
-03.472
-03.505
-03.534
-03.567
-03.600
-03.633
-03.662
-03.695
-03.720
-03.749
-03.779
-03.811
-03.840
-03.873
-03.899
-03.932
-03.961
-03.986
-04.012
-04.041
-04.070
-04.099
-04.121
-04.150
-04.176
-04.201
-04.227
-04.256
-04.281
-04.307
-04.329
-04.354
-04.376
-04.405
-04.431
-04.449
-04.471
-04.493
-04.518
-04.544
-04.569
-04.591
-04.609
-04.631
-04.649
-04.671
-04.697
-04.715
-04.737
-04.751
-04.773
-04.788
-04.813
-04.828
-04.846
-04.868
-04.886
-04.901
-04.919
-04.937
-04.955
-04.974
-04.996
-05.010
-05.032
-05.047
-05.057
-05.079
-05.094
-05.108
-05.123
-05.138
-05.159
-05.178
-05.181
-05.196
-05.207
-05.221
-05.232
-05.243
-05.258
-05.269
-05.283
-05.287
-05.294
-05.305
-05.316
-05.320
-05.323
-05.338
-05.342
-05.356
-05.356
-05.367
-05.374
-05.378
-05.382
-05.396
-05.400
-05.407
-05.404
-05.415
-05.418
-05.425
-05.433
-05.440
-05.433
-05.440
-05.447
-05.455
-05.458
-05.458
-05.462
-05.462
-05.469
-05.476
-05.484
-05.484
-05.491
-05.495
-05.495
-05.495
-05.495
-05.502
-05.506
-05.509
-05.513
-05.513
-05.517
-05.513
-05.509
-05.506
-05.498
-05.502
-05.495
-05.491
-05.484
-05.484
-05.480
-05.473
-05.473
-05.469
-05.466
-05.462
-05.455
-05.451
-05.447
-05.440
-05.436
-05.429
-05.422
-05.418
-05.411
-05.407
-05.400
-05.396
-05.389
-05.382
-05.374
-05.374
-05.364
-05.356
-05.349
-05.342
-05.331
-05.323
-05.316
-05.313
-05.298
-05.291
-05.276
-05.265
-05.258
-05.247
-05.240
-05.229
-05.214
-05.207
-05.189
-05.174
-05.159
-05.152
-05.138
-05.123
-05.105
-05.090
-05.079
-05.061
-05.043
-05.032
-05.014
-04.996
-04.977
-04.963
-04.948
-04.934
-04.915
-04.893
-04.879
-04.857
-04.839
-04.817
-04.788
-04.777
-04.762
-04.744
-04.722
-04.704
-04.686
-04.664
-04.646
-04.628
-04.602
-04.580
-04.555
-04.529
-04.507
-04.485
-04.467
-04.442
-04.420
-04.402
-04.376
-04.351
-04.325
-04.300
-04.278
-04.249
-04.227
-04.205
-04.176
-04.150
-04.121
-04.096
-04.070
-04.045
-04.012
-03.986
-03.961
-03.935
-03.906
-03.873
-03.848
-03.822
-03.793
-03.757
-03.731
-03.698
-03.669
-03.640
-03.607
-03.585
-03.553
-03.516
-03.487
-03.454
-03.418
-03.385
-03.349
-03.316
-03.283
-03.250
-03.217
-03.185
-03.152
-03.115
-03.079
-03.043
-03.006
-02.977
-02.941
-02.908
-02.868
-02.835
-02.802
-02.766
-02.729
-02.693
-02.660
-02.620
-02.580
-02.543
-02.507
-02.467
-02.430
-02.390
-02.350
-02.310
-02.266
-02.226
-02.183
-02.143
-02.106
-02.062
-02.026
-01.986
-01.949
-01.906
-01.858
-01.815
-01.771
-01.731
-01.691
-01.651
-01.603
-01.563
-01.519
-01.476
-01.436
-01.388
-01.345
-01.301
-01.261
-01.217
-01.177
-01.137
-01.093
-01.049
-01.009
-00.969
-00.926
-00.878
-00.838
-00.798
-00.751
-00.711
-00.674
-00.620
-00.587
-00.536
-00.496
-00.452
-00.408
-00.364
-00.321
-00.281
-00.241
-00.197
-00.157
-00.117
-00.080
-00.033
00.014
00.055
00.098
00.142
00.189
00.229
00.270
00.310
00.357
00.401
00.444
00.481
00.525
00.565
00.608
00.652
00.696
00.736
00.780
00.816
00.856
00.904
00.944
00.995
01.031
01.078
01.122
01.166
01.206
01.246
01.290
01.337
01.374
01.421
01.457
01.501
01.545
01.585
01.629
01.672
01.720
01.760
01.796
01.847
01.887
01.931
01.971
02.008
02.055
02.095
02.135
02.179
02.219
02.266
02.310
02.346
02.394
02.437
02.478
02.518
02.561
02.605
02.638
02.678
02.718
02.762
02.798
02.838
02.882
02.922
02.959
02.999
03.039
03.075
03.112
03.152
03.188
03.225
03.261
03.297
03.330
03.363
03.403
03.439
03.476
03.509
03.541
03.574
03.607
03.647
03.684
03.720
03.753
03.786
03.822
03.855
03.895
03.928
03.964
03.997
04.030
04.066
04.099
04.135
04.172
04.201
04.234
04.267
04.299
04.329
04.361
04.394
04.427
04.460
04.489
04.525
04.554
04.584
04.616
04.642
04.675
04.704
04.733
04.766
04.799
04.824
04.857
04.886
04.912
04.944
04.966
04.999
05.032
05.061
05.094
05.116
05.148
05.177
05.203
05.232
05.261
05.294
05.316
05.349
05.382
05.407
05.436
05.465
05.494
05.516
05.549
05.571
05.600
05.629
05.655
05.680
05.709
05.731
05.753
05.779
05.804
05.830
05.855
05.884
05.906
05.935
05.961
05.986
06.008
06.030
06.052
06.077
06.099
06.121
06.150
06.176
06.198
06.223
06.238
06.260
06.282
06.303
06.322
06.340
06.358
06.380
06.402
06.420
06.438
06.456
06.475
06.500
06.511
06.533
06.555
06.566
06.584
06.602
06.620
06.635
06.653
06.671
06.690
06.715
06.726
06.741
06.755
06.766
06.784
06.803
06.813
06.828
06.839
06.857
06.868
06.879
06.890
06.908
06.915
06.934
06.941
06.952
06.959
06.952
06.926
06.908
06.890
06.875
06.861
06.843
06.821
06.806
06.788
06.766
06.744
06.726
06.701
06.682
06.664
06.646
06.628
06.606
06.588
06.566
06.547
06.526
06.504
06.467
06.453
06.442
06.424
06.409
06.384
06.358
06.343
06.322
06.300
06.278
06.252
06.230
06.209
06.187
06.161
06.139
06.114
06.092
06.067
06.041
06.016
05.990
05.961
05.939
05.910
05.884
05.862
05.841
05.808
05.782
05.757
05.731
05.699
05.673
05.648
05.622
05.593
05.564
05.535
05.505
05.476
05.443
05.414
05.385
05.363
05.334
05.305
05.280
05.247
05.214
05.188
05.159
05.126
05.097
05.061
05.035
05.003
04.973
04.944
04.912
04.879
04.850
04.817
04.784
04.751
04.718
04.689
04.656
04.624
04.591
04.562
04.529
04.500
04.474
04.438
04.409
04.380
04.343
04.314
04.278
04.241
04.201
04.172
04.132
04.092
04.059
04.022
03.993
03.957
03.917
03.884
03.851
03.815
03.778
03.746
03.709
03.669
03.633
03.596
03.563
03.531
03.490
03.454
03.418
03.381
03.345
03.312
03.272
03.239
03.199
03.163
03.126
03.090
03.042
03.010
02.966
02.933
02.897
02.856
02.813
02.773
02.736
02.693
02.652
02.609
02.569
02.525
02.485
02.445
02.405
02.357
02.314
02.270
02.233
02.193
02.150
02.110
02.066
02.018
01.975
01.927
01.887
01.844
01.800
01.756
01.716
01.676
01.629
01.581
01.541
01.494
01.450
01.406
01.359
01.315
01.279
01.235
01.195
01.151
01.104
01.067
01.016
00.973
00.933
00.889
00.849
00.809
00.765
00.721
00.674
00.630
00.590
00.550
00.514
00.463
00.419
00.375
00.331
00.288
00.244
00.197
00.153
00.106
00.073
00.029
-00.011
-00.058
-00.102
-00.142
-00.186
-00.230
-00.273
-00.317
-00.364
-00.405
-00.448
-00.488
-00.532
-00.572
-00.620
-00.663
-00.707
-00.751
-00.794
-00.842
-00.882
-00.918
-00.966
-01.006
-01.046
-01.090
-01.137
-01.181
-01.224
-01.264
-01.308
-01.348
-01.388
-01.432
-01.476
-01.516
-01.556
-01.603
-01.647
-01.687
-01.727
-01.775
-01.811
-01.851
-01.917
-01.946
-01.982
-02.026
-02.066
-02.110
-02.150
-02.190
-02.234
-02.270
-02.307
-02.350
-02.383
-02.438
-02.474
-02.518
-02.554
-02.598
-02.634
-02.671
-02.711
-02.740
-02.777
-02.817
-02.853
-02.893
-02.930
-02.962
-02.995
-03.024
-03.057
-03.094
-03.130
-03.166
-03.203
-03.239
-03.272
-03.305
-03.345
-03.378
-03.414
-03.447
-03.483
-03.516
-03.549
-03.571
-03.607
-03.640
-03.669
-03.698
-03.724
-03.757
-03.786
-03.815
-03.844
-03.873
-03.899
-03.932
-03.961
-03.990
-04.019
-04.048
-04.074
-04.103
-04.128
-04.150
-04.187
-04.205
-04.234
-04.260
-04.289
-04.307
-04.332
-04.354
-04.376
-04.402
-04.431
-04.453
-04.478
-04.500
-04.525
-04.544
-04.566
-04.591
-04.609
-04.635
-04.653
-04.679
-04.697
-04.722
-04.740
-04.759
-04.777
-04.799
-04.813
-04.835
-04.857
-04.872
-04.893
-04.908
-04.930
-04.948
-04.966
-04.977
-04.992
-05.010
-05.032
-05.047
-05.061
-05.072
-05.090
-05.108
-05.123
-05.138
-05.152
-05.167
-05.178
-05.196
-05.207
-05.221
-05.232
-05.243
-05.254
-05.269
-05.280
-05.291
-05.302
-05.309
-05.316
-05.327
-05.334
-05.345
-05.356
-05.360
-05.360
-05.364
-05.378
-05.382
-05.385
-05.393
-05.400
-05.407
-05.407
-05.415
-05.422
-05.429
-05.429
-05.444
-05.447
-05.455
-05.455
-05.455
-05.458
-05.466
-05.466
-05.473
-05.480
-05.484
-05.480
-05.487
