01.973
02.016
02.060
02.101
02.143
02.184
02.226
02.268
02.309
02.352
02.393
02.433
02.473
02.515
02.555
02.595
02.635
02.674
02.710
02.717
02.717
02.717
02.717
02.717
02.717
02.717
02.717
02.717
02.717
02.717
02.717
02.717
02.717
02.717
02.717
02.717
02.717
02.717
02.717
02.717
02.717
02.717
02.717
02.717
02.717
02.717
02.717
02.717
02.717
02.717
02.717
02.717
02.717
02.717
02.717
02.717
02.717
02.717
02.717
02.717
02.717
02.717
02.717
02.717
02.717
02.717
02.717
02.717
02.717
02.717
02.717
02.717
02.717
02.717
02.717
02.717
02.717
02.717
02.717
02.717
02.717
02.717
02.717
02.717
02.717
02.717
02.717
02.717
02.717
02.717
02.717
02.717
02.717
02.717
02.717
02.717
02.717
02.717
02.717
02.717
02.717
02.717
02.717
02.717
02.717
02.717
02.717
02.717
02.717
02.717
02.717
02.717
02.717
02.717
02.717
02.717
02.717
02.717
02.717
02.717
02.717
02.717
02.717
02.717
02.717
02.717
02.717
02.717
02.717
02.717
02.717
02.717
02.717
02.717
02.717
02.717
02.717
02.717
02.717
02.717
02.717
02.717
02.717
02.717
02.717
02.717
02.717
02.717
02.717
02.717
02.717
02.717
02.717
02.717
02.717
02.717
02.717
02.717
02.717
02.717
02.717
02.717
02.717
02.717
02.717
02.717
02.717
02.717
02.717
02.717
02.717
02.717
02.717
02.717
02.717
02.717
02.717
02.717
02.717
02.717
02.717
02.717
02.717
02.717
02.717
02.717
02.717
02.717
02.717
02.717
02.717
02.717
02.717
02.717
02.717
02.717
02.717
02.717
02.717
02.717
02.717
02.717
02.717
02.717
02.717
02.717
02.717
02.717
02.717
02.717
02.717
02.717
02.717
02.717
02.717
02.717
02.717
02.717
02.717
02.717
02.717
02.717
02.717
02.717
02.717
02.717
02.717
02.717
02.717
02.717
02.717
02.717
02.717
02.717
02.717
02.717
02.717
02.717
02.717
02.717
02.717
02.717
02.717
02.717
02.717
02.717
02.717
02.717
02.717
02.717
02.717
02.717
02.717
02.717
02.717
02.717
02.717
02.717
02.717
02.717
02.717
02.717
02.717
02.717
02.717
02.717
02.717
02.717
02.717
02.717
02.717
02.717
02.717
02.717
02.717
02.717
02.717
02.717
02.717
02.717
02.717
02.717
02.717
02.717
02.717
02.717
02.717
02.717
02.717
02.717
02.717
02.717
02.717
02.717
02.717
02.717
02.717
02.717
02.717
02.717
02.717
02.717
02.717
02.717
02.717
02.717
02.717
02.717
02.717
02.717
02.717
02.717
02.717
02.717
02.717
02.717
02.717
02.717
02.717
02.714
02.681
02.641
02.601
02.560
02.520
02.478
02.437
02.395
02.354
02.312
02.269
02.227
02.185
02.142
02.099
02.057
02.014
01.971
01.929
01.886
01.843
01.800
01.757
01.714
01.672
01.629
01.586
01.543
01.500
01.458
01.415
01.373
01.331
01.288
01.245
01.203
01.160
01.118
01.076
01.033
00.991
00.948
00.906
00.864
00.820
00.778
00.735
00.693
00.650
00.607
00.564
00.522
00.480
00.437
00.394
00.352
00.309
00.267
00.224
00.182
00.139
00.096
00.053
00.011
-00.032
-00.074
-00.117
-00.159
-00.202
-00.244
-00.287
-00.329
-00.371
-00.414
-00.456
-00.499
-00.542
-00.584
-00.627
-00.669
-00.712
-00.755
-00.797
-00.839
-00.882
-00.924
-00.967
-01.009
-01.051
-01.093
-01.136
-01.178
-01.220
-01.263
-01.305
-01.348
-01.390
-01.432
-01.475
-01.517
-01.559
-01.602
-01.644
-01.686
-01.728
-01.770
-01.812
-01.854
-01.896
-01.939
-01.980
-02.022
-02.064
-02.105
-02.146
-02.187
-02.227
-02.267
-02.307
-02.347
-02.387
-02.426
-02.465
-02.504
-02.542
-02.580
-02.617
-02.654
-02.690
-02.716
-02.717
-02.717
-02.717
-02.717
-02.717
-02.717
-02.717
-02.717
-02.717
-02.717
-02.717
-02.717
-02.717
-02.717
-02.717
-02.717
-02.717
-02.717
-02.717
-02.717
-02.717
-02.717
-02.717
-02.717
-02.717
-02.717
-02.717
-02.717
-02.717
-02.717
-02.717
-02.717
-02.717
-02.717
-02.717
-02.717
-02.717
-02.717
-02.717
-02.717
-02.717
-02.717
-02.717
-02.717
-02.717
-02.717
-02.717
-02.717
-02.717
-02.717
-02.717
-02.717
-02.717
-02.717
-02.717
-02.717
-02.717
-02.717
-02.717
-02.717
-02.717
-02.717
-02.717
-02.717
-02.717
-02.717
-02.717
-02.717
-02.717
-02.717
-02.717
-02.717
-02.717
-02.717
-02.717
-02.717
-02.717
-02.717
-02.717
-02.717
-02.717
-02.717
-02.717
-02.717
-02.717
-02.717
-02.717
-02.717
-02.717
-02.717
-02.717
-02.717
-02.717
-02.717
-02.717
-02.717
-02.717
-02.717
-02.717
-02.717
-02.717
-02.717
-02.717
-02.717
-02.717
-02.717
-02.717
-02.717
-02.717
-02.717
-02.717
-02.717
-02.717
-02.717
-02.717
-02.717
-02.717
-02.717
-02.717
-02.717
-02.717
-02.717
-02.717
-02.717
-02.717
-02.717
-02.717
-02.717
-02.717
-02.717
-02.717
-02.717
-02.717
-02.717
-02.717
-02.717
-02.717
-02.717
-02.717
-02.717
-02.717
-02.717
-02.717
-02.717
-02.717
-02.717
-02.717
-02.717
-02.717
-02.717
-02.717
-02.717
-02.717
-02.717
-02.717
-02.717
-02.717
-02.717
-02.717
-02.717
-02.717
-02.717
-02.717
-02.717
-02.717
-02.717
-02.717
-02.717
-02.717
-02.717
-02.717
-02.717
-02.717
-02.717
-02.717
-02.717
-02.717
-02.717
-02.717
-02.717
-02.717
-02.717
-02.717
-02.717
-02.717
-02.717
-02.717
-02.717
-02.717
-02.717
-02.717
-02.717
-02.717
-02.717
-02.717
-02.717
-02.717
-02.717
-02.717
-02.717
-02.717
-02.717
-02.717
-02.717
-02.717
-02.717
-02.717
-02.717
-02.717
-02.717
-02.717
-02.717
-02.717
-02.717
-02.717
-02.717
-02.717
-02.717
-02.717
-02.717
-02.717
-02.717
-02.717
-02.717
-02.717
-02.717
-02.717
-02.717
-02.717
-02.717
-02.717
-02.717
-02.717
-02.717
-02.717
-02.717
-02.717
-02.717
-02.717
-02.717
-02.717
-02.717
-02.717
-02.717
-02.717
-02.717
-02.717
-02.717
-02.717
-02.717
-02.717
-02.717
-02.717
-02.717
-02.717
-02.717
-02.717
-02.717
-02.717
-02.717
-02.717
-02.717
-02.717
-02.717
-02.717
-02.717
-02.717
-02.717
-02.717
-02.717
-02.717
-02.717
-02.717
-02.717
-02.717
-02.717
-02.717
-02.717
-02.717
-02.717
-02.717
-02.717
-02.717
-02.717
-02.717
-02.717
-02.717
-02.717
-02.717
-02.717
-02.717
-02.717
-02.717
-02.717
-02.713
-02.682
-02.646
-02.610
-02.573
-02.535
-02.497
-02.459
-02.421
-02.382
-02.343
-02.303
-02.264
-02.224
-02.184
-02.144
-02.103
-02.063
-02.022
-01.981
-01.940
-01.897
-01.856
-01.814
-01.772
-01.730
-01.688
-01.646
-01.604
-01.562
-01.521
-01.479
-01.437
-01.395
-01.353
-01.311
-01.269
-01.227
-01.185
-01.143
-01.101
-01.059
-01.018
-00.975
-00.934
-00.891
-00.849
-00.807
-00.765
-00.723
-00.682
-00.639
-00.598
-00.555
-00.514
-00.472
-00.430
-00.388
-00.346
-00.304
-00.261
-00.219
-00.177
-00.135
-00.093
-00.050
-00.008
00.034
00.076
00.118
00.160
00.202
00.244
00.286
00.328
00.370
00.412
00.454
00.496
00.538
00.580
00.622
00.664
00.706
00.748
00.790
00.832
00.874
00.916
00.958
01.000
01.042
01.084
01.126
01.168
01.210
01.252
01.294
01.336
01.378
01.420
01.463
01.504
01.546
01.588
01.630
01.672
01.714
01.757
01.798
01.840
01.882
01.925
01.966
02.008
02.051
02.093
02.134
02.177
02.218
02.260
02.302
02.343
02.384
02.425
02.466
02.507
02.548
02.588
02.627
02.667
02.705
02.717
02.717
02.717
02.717
02.717
02.717
02.717
02.717
02.717
02.717
02.717
02.717
02.717
02.717
02.717
02.717
02.717
02.717
02.717
02.717
02.717
02.717
02.717
02.717
02.717
02.717
02.717
02.717
02.717
02.717
02.717
02.717
02.717
02.717
02.717
02.717
02.717
02.717
02.717
02.717
02.717
02.717
02.717
02.717
02.717
02.717
02.717
02.717
02.717
02.717
02.717
02.717
02.717
02.717
02.717
02.717
02.717
02.717
02.717
02.717
02.717
02.717
02.717
02.717
02.717
02.717
02.717
02.717
02.717
02.717
02.717
02.717
02.717
02.717
02.717
02.717
02.717
02.717
02.717
02.717
02.717
02.717
02.717
02.717
02.717
02.717
02.717
02.717
02.717
02.717
02.717
02.717
02.717
02.717
02.717
02.717
02.717
02.717
02.717
02.717
02.717
02.717
02.717
02.717
02.717
02.717
02.717
02.717
02.717
02.717
02.717
02.717
02.717
02.717
02.717
02.717
02.717
02.717
02.717
02.717
02.717
02.717
02.717
02.717
02.717
02.717
02.717
02.717
02.717
02.717
02.717
02.717
02.717
02.717
02.717
02.717
02.717
02.717
02.717
02.717
02.717
02.717
02.717
02.717
02.717
02.717
02.717
02.717
02.717
02.717
02.717
02.717
02.717
02.717
02.717
02.717
02.717
02.717
02.717
02.717
02.717
02.717
02.717
02.717
02.717
02.717
02.717
02.717
02.717
02.717
02.717
02.717
02.717
02.717
02.717
02.717
02.717
02.717
02.717
02.717
02.717
02.717
02.717
02.717
02.717
02.717
02.717
02.717
02.717
02.717
02.717
02.717
02.717
02.717
02.717
02.717
02.717
02.717
02.717
02.717
02.717
02.717
02.717
02.717
02.717
02.717
02.717
02.717
02.717
02.717
02.717
02.717
02.717
02.717
02.717
02.717
02.717
02.717
02.717
02.717
02.717
02.717
02.717
02.717
02.717
02.717
02.717
02.717
02.717
02.717
02.717
02.717
02.717
02.717
02.717
02.717
02.717
02.717
02.717
02.717
02.717
02.717
02.717
02.717
02.717
02.717
02.717
02.717
02.717
02.717
02.717
02.717
02.717
02.717
02.717
02.717
02.717
02.717
02.717
02.717
02.717
02.717
02.717
02.717
02.717
02.717
02.717
02.717
02.717
02.717
02.717
02.717
02.717
02.717
02.717
02.717
02.717
02.717
02.717
02.717
02.717
02.717
02.717
02.717
02.717
02.717
02.717
02.717
02.717
02.717
02.717
02.717
02.717
02.717
02.717
02.717
02.717
02.717
02.717
02.717
02.716
02.691
02.652
02.611
02.570
02.529
02.488
02.447
02.405
02.365
02.323
02.279
02.236
02.195
02.152
02.110
02.067
02.024
01.981
01.939
01.895
01.854
01.809
01.767
01.724
01.682
01.639
01.597
01.553
01.511
01.468
01.426
01.384
01.342
01.298
01.255
01.213
01.171
01.128
01.085
01.042
01.000
00.958
00.915
00.874
00.830
00.786
00.744
00.703
00.661
00.618
00.575
00.532
00.489
00.447
00.405
00.362
00.318
00.276
00.233
00.192
00.149
00.106
00.064
00.021
-00.022
-00.064
-00.105
-00.149
-00.192
-00.235
-00.277
-00.319
-00.362
-00.405
-00.448
-00.490
-00.532
-00.574
-00.615
-00.660
-00.702
-00.745
-00.786
-00.829
-00.871
-00.914
-00.956
-00.999
-01.041
-01.083
-01.125
-01.168
-01.210
-01.252
-01.294
-01.337
-01.380
-01.423
-01.465
-01.507
-01.550
-01.590
-01.634
-01.677
-01.719
-01.761
-01.803
-01.845
-01.888
-01.930
-01.972
-02.013
-02.054
-02.095
-02.138
-02.179
-02.218
-02.258
-02.297
-02.337
-02.377
-02.416
-02.455
-02.494
-02.533
-02.571
-02.609
-02.646
-02.683
-02.713
-02.717
-02.717
-02.717
-02.717
-02.717
-02.717
-02.717
-02.717
-02.717
-02.717
-02.717
-02.717
-02.717
-02.717
-02.717
-02.717
-02.717
-02.717
-02.717
-02.717
-02.717
-02.717
-02.717
-02.717
-02.717
-02.717
-02.717
-02.717
-02.717
-02.717
-02.717
-02.717
-02.717
-02.717
-02.717
-02.717
-02.717
-02.717
-02.717
-02.717
-02.717
-02.717
-02.717
-02.717
-02.717
-02.717
-02.717
-02.717
-02.717
-02.717
-02.717
-02.717
-02.717
-02.717
-02.717
-02.717
-02.717
-02.717
-02.717
-02.717
-02.717
-02.717
-02.717
-02.717
-02.717
-02.717
-02.717
-02.717
-02.717
-02.717
-02.717
-02.717
-02.717
-02.717
-02.717
-02.717
-02.717
-02.717
-02.717
-02.717
-02.717
-02.717
-02.717
-02.717
-02.717
-02.717
-02.717
-02.717
-02.717
-02.717
-02.717
-02.717
-02.717
-02.717
-02.717
-02.717
-02.717
-02.717
-02.717
-02.717
-02.717
-02.717
-02.717
-02.717
-02.717
-02.717
-02.717
-02.717
-02.717
-02.717
-02.717
-02.717
-02.717
-02.717
-02.717
-02.717
-02.717
-02.717
-02.717
-02.717
-02.717
-02.717
-02.717
-02.717
-02.717
-02.717
-02.717
-02.717
-02.717
-02.717
-02.717
-02.717
-02.717
-02.717
-02.717
-02.717
-02.717
-02.717
-02.717
-02.717
-02.717
-02.717
-02.717
-02.717
-02.717
-02.717
-02.717
-02.717
-02.717
-02.717
-02.717
-02.717
-02.717
-02.717
-02.717
-02.717
-02.717
-02.717
-02.717
-02.717
-02.717
-02.717
-02.717
-02.717
-02.717
-02.717
-02.717
-02.717
-02.717
-02.717
-02.717
-02.717
-02.717
-02.717
-02.717
-02.717
-02.717
-02.717
-02.717
-02.717
-02.717
-02.717
-02.717
-02.717
-02.717
-02.717
-02.717
-02.717
-02.717
-02.717
-02.717
-02.717
-02.717
-02.717
-02.717
-02.717
-02.717
-02.717
-02.717
-02.717
-02.717
-02.717
-02.717
-02.717
-02.717
-02.717
-02.717
-02.717
-02.717
-02.717
-02.717
-02.717
-02.717
-02.717
-02.717
-02.717
-02.717
-02.717
-02.717
-02.717
-02.717
-02.717
-02.717
-02.717
-02.717
-02.717
-02.717
-02.717
-02.717
-02.717
-02.717
-02.717
-02.717
-02.717
-02.717
-02.717
-02.717
-02.717
-02.717
-02.717
-02.717
-02.717
-02.717
-02.717
-02.717
-02.717
-02.717
-02.717
-02.717
-02.717
-02.717
-02.717
-02.717
-02.717
-02.717
-02.717
-02.717
-02.717
-02.717
-02.717
-02.717
-02.717
-02.717
-02.717
-02.717
-02.717
-02.717
-02.717
-02.717
-02.717
-02.717
-02.717
-02.717
-02.717
-02.717
-02.717
-02.717
-02.717
-02.717
-02.717
-02.717
-02.717
-02.717
-02.717
-02.717
-02.717
-02.717
-02.717
-02.717
-02.717
-02.717
-02.717
-02.717
-02.717
-02.716
-02.689
-02.654
-02.618
-02.581
-02.543
-02.506
-02.467
-02.429
-02.391
-02.352
-02.313
-02.273
-02.232
-02.194
-02.153
-02.113
-02.072
-02.031
-01.990
-01.949
-01.908
-01.866
-01.823
-01.782
-01.740
-01.702
-01.662
-01.616
-01.573
-01.531
-01.489
-01.448
-01.406
-01.363
-01.322
-01.278
-01.237
-01.196
-01.154
-01.112
-01.069
-01.027
-00.985
-00.944
-00.902
-00.860
-00.818
-00.774
-00.734
-00.693
-00.650
-00.608
-00.566
-00.524
-00.482
-00.440
-00.397
-00.355
-00.312
-00.270
-00.229
-00.187
-00.145
-00.102
-00.060
-00.018
00.024
00.065
00.107
00.149
00.193
00.234
00.276
00.317
00.360
00.403
00.445
00.487
00.528
00.570
00.612
00.655
00.697
00.739
00.779
00.821
00.864
00.907
00.950
00.991
01.032
01.074
01.116
01.159
01.201
01.242
01.283
01.325
01.368
01.410
01.453
01.493
01.535
01.577
01.620
01.662
01.704
01.746
01.788
01.830
01.872
01.916
01.956
01.998
02.040
02.082
02.125
02.167
02.209
02.251
02.292
02.333
02.374
02.417
02.457
02.496
02.537
02.578
02.619
02.659
02.696
02.717
02.717
02.717
02.717
02.717
02.717
02.717
02.717
02.717
02.717
02.717
02.717
02.717
02.717
02.717
02.717
02.717
02.717
02.717
02.717
02.717
02.717
02.717
02.717
02.717
02.717
02.717
02.717
02.717
02.717
02.717
02.717
02.717
02.717
02.717
02.717
02.717
02.717
02.717
02.717
02.717
02.717
02.717
02.717
02.717
02.717
02.717
02.717
02.717
02.717
02.717
02.717
02.717
02.717
02.717
02.717
02.717
02.717
02.717
02.717
02.717
02.717
02.717
02.717
02.717
02.717
02.717
02.717
02.717
02.717
02.717
02.717
02.717
02.717
02.717
02.717
02.717
02.717
02.717
02.717
02.717
02.717
02.717
02.717
02.717
02.717
02.717
02.717
02.717
02.717
02.717
02.717
02.717
02.717
02.717
02.717
02.717
02.717
02.717
02.717
02.717
02.717
02.717
02.717
02.717
02.717
02.717
02.717
02.717
02.717
02.717
02.717
02.717
02.717
02.717
02.717
02.717
02.717
02.717
02.717
02.717
02.717
02.717
02.717
02.717
02.717
02.717
02.717
02.717
02.717
02.717
02.717
02.717
02.717
02.717
02.717
02.717
02.717
02.717
02.717
02.717
02.717
02.717
02.717
02.717
02.717
02.717
02.717
02.717
02.717
02.717
02.717
02.717
02.717
02.717
02.717
02.717
02.717
02.717
02.717
02.717
02.717
02.717
02.717
02.717
02.717
02.717
02.717
02.717
02.717
02.717
02.717
02.717
02.717
02.717
02.717
02.717
02.717
02.717
02.717
02.717
02.717
02.717
02.717
02.717
02.717
02.717
02.717
02.717
02.717
02.717
02.717
02.717
02.717
02.717
02.717
02.717
02.717
02.717
02.717
02.717
02.717
02.717
02.717
02.717
02.717
02.717
02.717
02.717
02.717
02.717
02.717
02.717
02.717
02.717
02.717
02.717
02.717
02.717
02.717
02.717
02.717
02.717
02.717
02.717
02.717
02.717
02.717
02.717
02.717
02.717
02.717
02.717
02.717
02.717
02.717
02.717
02.717
02.717
02.717
02.717
02.717
02.717
02.717
02.717
02.717
02.717
02.717
02.717
02.717
02.717
02.717
02.717
02.717
02.717
02.717
02.717
02.717
02.717
02.717
02.717
02.717
02.717
02.717
02.717
02.717
02.717
02.717
02.717
02.717
02.717
02.717
02.717
02.717
02.717
02.717
02.717
02.717
02.717
02.717
02.717
02.717
02.717
02.717
02.717
02.717
02.717
02.717
02.717
02.717
02.717
02.717
02.717
02.717
02.717
02.717
02.717
02.717
02.717
02.717
02.717
02.702
02.662
02.622
02.582
02.540
02.499
02.458
02.416
02.375
02.333
02.291
02.249
02.207
02.164
02.122
02.079
02.036
01.993
01.950
01.908
01.865
01.821
01.779
01.736
01.693
01.651
01.608
01.566
01.522
01.480
01.438
01.395
01.352
01.310
01.267
01.225
01.182
01.139
01.097
01.054
01.012
00.969
00.927
00.884
00.842
00.800
00.757
00.714
00.671
00.628
00.586
00.544
00.501
00.459
00.416
00.374
00.331
00.288
00.245
00.203
00.160
00.118
00.076
00.033
-00.009
-00.052
-00.095
-00.137
-00.180
-00.223
-00.265
-00.307
-00.350
-00.392
-00.435
-00.478
-00.520
-00.563
-00.605
-00.647
-00.690
-00.733
-00.775
-00.818
-00.859
-00.902
-00.944
-00.986
-01.029
-01.072
-01.114
-01.156
-01.198
-01.241
-01.283
-01.326
-01.367
-01.410
-01.452
-01.495
-01.538
-01.580
-01.622
-01.665
-01.707
-01.748
-01.790
-01.833
-01.875
-01.917
-01.959
-02.000
-02.043
-02.084
-02.125
-02.165
-02.206
-02.246
-02.286
-02.327
-02.366
-02.406
-02.445
-02.483
-02.521
-02.560
-02.597
-02.634
-02.671
-02.707
-02.717
-02.717
-02.717
-02.717
-02.717
-02.717
-02.717
-02.717
-02.717
-02.717
-02.717
-02.717
-02.717
-02.717
-02.717
-02.717
-02.717
-02.717
-02.717
-02.717
-02.717
-02.717
-02.717
-02.717
-02.717
-02.717
-02.717
-02.717
-02.717
-02.717
-02.717
-02.717
-02.717
-02.717
-02.717
-02.717
-02.717
-02.717
-02.717
-02.717
-02.717
-02.717
-02.717
-02.717
-02.717
-02.717
-02.717
-02.717
-02.717
-02.717
-02.717
-02.717
-02.717
-02.717
-02.717
-02.717
-02.717
-02.717
-02.717
-02.717
-02.717
-02.717
-02.717
-02.717
-02.717
-02.717
-02.717
-02.717
-02.717
-02.717
-02.717
-02.717
-02.717
-02.717
-02.717
-02.717
-02.717
-02.717
-02.717
-02.717
-02.717
-02.717
-02.717
-02.717
-02.717
-02.717
-02.717
-02.717
-02.717
-02.717
-02.717
-02.717
-02.717
-02.717
-02.717
-02.717
-02.717
-02.717
-02.717
-02.717
-02.717
-02.717
-02.717
-02.717
-02.717
-02.717
-02.717
-02.717
-02.717
-02.717
-02.717
-02.717
-02.717
-02.717
-02.717
-02.717
-02.717
-02.717
-02.717
-02.717
-02.717
-02.717
-02.717
-02.717
-02.717
-02.717
-02.717
-02.717
-02.717
-02.717
-02.717
-02.717
-02.717
-02.717
-02.717
-02.717
-02.717
-02.717
-02.717
-02.717
-02.717
-02.717
-02.717
-02.717
-02.717
-02.717
-02.717
-02.717
-02.717
-02.717
-02.717
-02.717
-02.717
-02.717
-02.717
-02.717
-02.717
-02.717
-02.717
-02.717
-02.717
-02.717
-02.717
-02.717
-02.717
-02.717
-02.717
-02.717
-02.717
-02.717
-02.717
-02.717
-02.717
-02.717
-02.717
-02.717
-02.717
-02.717
-02.717
-02.717
-02.717
-02.717
-02.717
-02.717
-02.717
-02.717
-02.717
-02.717
-02.717
-02.717
-02.717
-02.717
-02.717
-02.717
-02.717
-02.717
-02.717
-02.717
-02.717
-02.717
-02.717
-02.717
-02.717
-02.717
-02.717
-02.717
-02.717
-02.717
-02.717
-02.717
-02.717
-02.717
-02.717
-02.717
-02.717
-02.717
-02.717
-02.717
-02.717
-02.717
-02.717
-02.717
-02.717
-02.717
-02.717
-02.717
-02.717
-02.717
-02.717
-02.717
-02.717
-02.717
-02.717
-02.717
-02.717
-02.717
-02.717
-02.717
-02.717
-02.717
-02.717
-02.717
-02.717
-02.717
-02.717
-02.717
-02.717
-02.717
-02.717
-02.717
-02.717
-02.717
-02.717
-02.717
-02.717
-02.717
-02.717
-02.717
-02.717
-02.717
-02.717
-02.717
-02.717
-02.717
-02.717
-02.717
-02.717
-02.717
-02.717
-02.717
-02.717
-02.717
-02.717
-02.717
-02.717
-02.717
-02.717
-02.717
-02.717
-02.717
-02.717
-02.717
-02.717
-02.717
-02.717
-02.717
-02.717
-02.717
-02.717
-02.717
-02.717
-02.717
-02.717
-02.717
-02.717
-02.698
-02.663
-02.625
-02.589
-02.552
-02.513
-02.476
-02.438
-02.400
-02.360
-02.321
-02.282
-02.242
-02.203
-02.163
-02.122
-02.081
-02.040
-01.999
-01.959
-01.916
-01.874
-01.832
-01.790
-01.749
-01.707
-01.665
-01.623
-01.581
-01.539
-01.497
-01.448
-01.412
-01.371
-01.329
-01.288
-01.246
-01.203
-01.161
-01.119
-01.077
-01.035
-00.993
-00.951
-00.909
-00.867
-00.826
-00.784
-00.742
-00.700
-00.657
-00.615
-00.573
-00.531
-00.489
-00.447
-00.405
-00.363
-00.322
-00.280
-00.238
-00.195
-00.153
-00.110
-00.068
-00.027
00.015
00.058
00.099
00.142
00.183
00.226
00.268
00.310
00.352
00.395
00.437
00.478
00.520
00.562
00.605
00.647
00.688
00.731
00.773
00.815
00.856
00.898
00.930
00.980
01.022
01.065
01.107
01.149
01.191
01.232
01.274
01.317
01.359
01.401
01.442
01.484
01.527
01.568
01.611
01.653
01.695
01.737
01.780
01.821
01.863
01.905
01.947
01.989
02.032
02.074
02.115
02.158
02.200
02.242
02.284
02.325
02.367
02.407
02.448
02.489
02.529
02.570
02.610
02.660
02.693
02.716
02.717
02.717
02.717
02.717
02.717
02.717
02.717
02.717
02.717
02.717
02.717
02.717
02.717
02.717
02.717
02.717
02.717
02.717
02.717
02.717
02.717
02.717
02.717
02.717
02.717
02.717
02.717
02.717
02.717
02.717
02.717
02.717
02.717
02.717
02.717
02.717
02.717
02.717
02.717
02.717
02.717
02.717
02.717
02.717
02.717
02.717
02.717
02.717
02.717
02.717
02.717
02.717
02.717
02.717
02.717
02.717
02.717
02.717
02.717
02.717
02.717
02.717
02.717
02.717
02.717
02.717
02.717
02.717
02.717
02.717
02.717
02.717
02.717
02.717
02.717
02.717
02.717
02.717
02.717
02.717
02.717
02.717
02.717
02.717
02.717
02.717
02.717
02.717
02.717
02.717
02.717
02.717
02.717
02.717
02.717
02.717
02.717
02.717
02.717
02.717
02.717
02.717
02.717
02.717
02.717
02.717
02.717
02.717
02.717
02.717
02.717
02.717
02.717
02.717
02.717
02.717
02.717
02.717
02.717
02.717
02.717
02.717
02.717
02.717
02.717
02.717
02.717
02.717
02.717
02.717
02.717
02.717
02.717
02.717
02.717
02.717
02.717
02.717
02.717
02.717
02.717
02.717
02.717
02.717
02.717
02.717
02.717
02.717
02.717
02.717
02.717
02.717
02.717
02.717
02.717
02.717
02.717
02.717
02.717
02.717
02.717
02.717
02.717
02.717
02.717
02.717
02.717
02.717
02.717
02.717
02.717
02.717
02.717
02.717
02.717
02.717
02.717
02.717
02.717
02.717
02.717
02.717
02.717
02.717
02.717
02.717
02.717
02.717
02.717
02.717
02.717
02.717
02.717
02.717
02.717
02.717
02.717
02.717
02.717
02.717
02.717
02.717
02.717
02.717
02.717
02.717
02.717
02.717
02.717
02.717
02.717
02.717
02.717
02.717
02.717
02.717
02.717
02.717
02.717
02.717
02.717
02.717
02.717
02.717
02.717
02.717
02.717
02.717
02.717
02.717
02.717
02.717
02.717
02.717
02.717
02.717
02.717
02.717
02.717
02.717
02.717
02.717
02.717
02.717
02.717
02.717
02.717
02.717
02.717
02.717
02.717
02.717
02.717
02.717
02.717
02.717
02.717
02.717
02.717
02.717
02.717
02.717
02.717
02.717
02.717
02.717
02.717
02.717
02.717
02.717
02.717
02.717
02.717
02.717
02.717
02.717
02.717
02.717
02.717
02.717
02.717
02.717
02.717
02.717
02.717
02.717
02.717
02.717
02.717
02.717
02.717
02.717
02.717
02.717
02.717
02.717
02.717
02.717
02.717
02.717
02.707
02.669
02.629
02.590
02.548
02.506
02.465
02.424
02.384
02.342
02.299
02.257
02.214
02.172
02.130
02.086
02.043
02.000
01.957
01.915
01.872
01.830
01.786
01.743
01.701
01.659
01.616
01.573
01.530
01.488
01.444
01.402
01.360
01.317
01.274
01.231
01.189
01.147
01.104
01.061
01.019
00.976
00.934
00.892
00.849
00.807
00.763
00.721
00.679
00.636
00.594
00.551
00.508
00.466
00.423
00.381
00.338
00.295
00.253
00.211
00.168
00.125
00.083
00.040
-00.002
-00.045
-00.088
-00.130
-00.172
-00.215
-00.258
-00.300
-00.344
-00.383
-00.428
-00.470
-00.514
-00.556
-00.598
-00.639
-00.683
-00.725
-00.768
-00.810
-00.852
-00.894
-00.936
-00.980
-01.022
-01.065
-01.106
-01.148
-01.191
-01.234
-01.276
-01.319
-01.360
-01.402
-01.446
-01.488
-01.531
-01.572
-01.615
-01.657
-01.699
-01.742
-01.784
-01.825
-01.868
-01.910
-01.952
-01.994
-02.035
-02.076
-02.118
-02.159
-02.200
-02.240
-02.279
-02.321
-02.361
-02.401
-02.438
-02.477
-02.515
-02.554
-02.592
-02.629
-02.666
-02.701
-02.717
-02.717
-02.717
-02.717
-02.717
-02.717
-02.717
-02.717
-02.717
-02.717
-02.717
-02.717
-02.717
-02.717
-02.717
-02.717
-02.717
-02.717
-02.717
-02.717
-02.717
-02.717
-02.717
-02.717
-02.717
-02.717
-02.717
-02.717
-02.717
-02.717
-02.717
-02.717
-02.717
-02.717
-02.717
-02.717
-02.717
-02.717
-02.717
-02.717
-02.717
-02.717
-02.717
-02.717
-02.717
-02.717
-02.717
-02.717
-02.717
-02.717
-02.717
-02.717
-02.717
-02.717
-02.717
-02.717
-02.717
-02.717
-02.717
-02.717
-02.717
-02.717
-02.717
-02.717
-02.717
-02.717
-02.717
-02.717
-02.717
-02.717
-02.717
-02.717
-02.717
-02.717
-02.717
-02.717
-02.717
-02.717
-02.717
-02.717
-02.717
-02.717
-02.717
-02.717
-02.717
-02.717
-02.717
-02.717
-02.717
-02.717
-02.717
-02.717
-02.717
-02.717
-02.717
-02.717
-02.717
-02.717
-02.717
-02.717
-02.717
-02.717
-02.717
-02.717
-02.717
-02.717
-02.717
-02.717
-02.717
-02.717
-02.717
-02.717
-02.717
-02.717
-02.717
-02.717
-02.717
-02.717
-02.717
-02.717
-02.717
-02.717
-02.717
-02.717
-02.717
-02.717
-02.717
-02.717
-02.717
-02.717
-02.717
-02.717
-02.717
-02.717
-02.717
-02.717
-02.717
-02.717
-02.717
-02.717
-02.717
-02.717
-02.717
-02.717
-02.717
-02.717
-02.717
-02.717
-02.717
-02.717
-02.717
-02.717
-02.717
-02.717
-02.717
-02.717
-02.717
-02.717
-02.717
-02.717
-02.717
-02.717
-02.717
-02.717
-02.717
-02.717
-02.717
-02.717
-02.717
-02.717
-02.717
-02.717
-02.717
-02.717
-02.717
-02.717
-02.717
-02.717
-02.717
-02.717
-02.717
-02.717
-02.717
-02.717
-02.717
-02.717
-02.717
-02.717
-02.717
-02.717
-02.717
-02.717
-02.717
-02.717
-02.717
-02.717
-02.717
-02.717
-02.717
-02.717
-02.717
-02.717
-02.717
-02.717
-02.717
-02.717
-02.717
-02.717
-02.717
-02.717
-02.717
-02.717
-02.717
-02.717
-02.717
-02.717
-02.717
-02.717
-02.717
-02.717
-02.717
-02.717
-02.717
-02.717
-02.717
-02.717
-02.717
-02.717
-02.717
-02.717
-02.717
-02.717
-02.717
-02.717
-02.717
-02.717
-02.717
-02.717
-02.717
-02.717
-02.717
-02.717
-02.717
-02.717
-02.717
-02.717
-02.717
-02.717
-02.717
-02.717
-02.717
-02.717
-02.717
-02.717
-02.717
-02.717
-02.717
-02.717
-02.717
-02.717
-02.717
-02.717
-02.717
-02.717
-02.717
-02.717
-02.717
-02.717
-02.717
-02.717
-02.717
-02.717
-02.717
-02.717
-02.717
-02.717
-02.717
-02.717
-02.717
-02.717
-02.717
-02.717
-02.717
-02.717
-02.717
-02.717
-02.717
-02.717
-02.717
-02.717
-02.717
-02.717
-02.717
-02.717
-02.717
-02.709
-02.673
-02.636
-02.600
-02.564
-02.527
-02.489
-02.450
-02.411
-02.371
-02.334
-02.295
-02.254
-02.214
-02.173
-02.134
-02.094
-02.053
-02.013
-01.970
-01.928
-01.886
-01.845
-01.806
-01.761
-01.720
-01.678
-01.636
-01.594
-01.552
-01.510
-01.468
-01.425
-01.383
-01.343
-01.301
-01.259
-01.216
-01.174
-01.133
-01.091
-01.049
-01.007
-00.965
-00.922
-00.882
-00.840
-00.798
-00.755
-00.714
-00.672
-00.630
-00.588
-00.546
-00.503
-00.461
-00.419
-00.378
-00.336
-00.294
-00.251
-00.209
-00.168
-00.125
-00.084
-00.041
00.001
00.044
00.086
00.127
00.169
00.212
00.254
00.296
00.338
00.380
00.422
00.464
00.506
00.550
00.591
00.631
00.674
00.717
00.759
00.801
00.842
00.884
00.926
00.969
01.011
01.053
01.094
01.136
01.179
01.230
01.265
01.306
01.347
01.389
01.431
01.473
01.515
01.557
01.599
01.641
01.684
01.726
01.768
01.810
01.851
01.893
01.936
01.978
02.020
02.062
02.104
02.145
02.188
02.230
02.271
02.313
02.354
02.395
02.437
02.478
02.549
02.568
02.604
02.643
02.682
02.714
02.717
02.717
02.717
02.717
02.717
02.717
02.717
02.717
02.717
02.717
02.717
02.717
02.717
02.717
02.717
02.717
02.717
02.717
02.717
02.717
02.717
02.717
02.717
02.717
02.717
02.717
02.717
02.717
02.717
02.717
02.717
02.717
02.717
02.717
02.717
02.717
02.717
02.717
02.717
02.717
02.717
02.717
02.717
02.717
02.717
02.717
02.717
02.717
02.717
02.717
02.717
02.717
02.717
02.717
02.717
02.717
02.717
02.717
02.717
02.717
02.717
02.717
02.717
02.717
02.717
02.717
02.717
02.717
02.717
02.717
02.717
02.717
02.717
02.717
02.717
02.717
02.717
02.717
02.717
02.717
02.717
02.717
02.717
02.717
02.717
02.717
02.717
02.717
02.717
02.717
02.717
02.717
02.717
02.717
02.717
02.717
02.717
02.717
02.717
02.717
02.717
02.717
02.717
02.717
02.717
02.717
02.717
02.717
02.717
02.717
02.717
02.717
02.717
02.717
02.717
02.717
02.717
02.717
02.717
02.717
02.717
02.717
02.717
02.717
02.717
02.717
02.717
02.717
02.717
02.717
02.717
02.717
02.717
02.717
02.717
02.717
02.717
02.717
02.717
02.717
02.717
02.717
02.717
02.717
02.717
02.717
02.717
02.717
02.717
02.717
02.717
02.717
02.717
02.717
02.717
02.717
02.717
02.717
02.717
02.717
02.717
02.717
02.717
02.717
02.717
02.717
02.717
02.717
02.717
02.717
02.717
02.717
02.717
02.717
02.717
02.717
02.717
02.717
02.717
02.717
02.717
02.717
02.717
02.717
02.717
02.717
02.717
02.717
02.717
02.717
02.717
02.717
02.717
02.717
02.717
02.717
02.717
02.717
02.717
02.717
02.717
02.717
02.717
02.717
02.717
02.717
02.717
02.717
02.717
02.717
02.717
02.717
02.717
02.717
02.717
02.717
02.717
02.717
02.717
02.717
02.717
02.717
02.717
02.717
02.717
02.717
02.717
02.717
02.717
02.717
02.717
02.717
02.717
02.717
02.717
02.717
02.717
02.717
02.717
02.717
02.717
02.717
02.717
02.717
02.717
02.717
02.717
02.717
02.717
02.717
02.717
02.717
02.717
02.717
02.717
02.717
02.717
02.717
02.717
02.717
02.717
02.717
02.717
02.717
02.717
02.717
02.717
02.717
02.717
02.717
02.717
02.717
02.717
02.717
02.717
02.717
02.717
02.717
02.717
02.717
02.717
02.717
02.717
02.717
02.717
02.717
02.717
02.717
02.717
02.717
02.717
02.717
02.717
02.717
02.717
02.717
02.717
02.717
02.717
02.717
02.714
02.683
02.642
02.601
02.561
02.521
02.479
02.440
02.396
02.355
02.313
02.271
02.229
02.186
02.143
02.100
02.057
02.014
01.972
01.930
01.886
01.842
01.803
01.758
01.716
01.673
01.630
01.588
01.544
01.502
01.460
01.417
01.374
01.331
01.289
01.247
01.205
01.162
01.119
01.076
01.033
00.991
00.950
00.906
00.863
00.820
00.778
00.737
00.693
00.651
00.608
00.565
00.523
00.480
00.439
00.395
00.352
00.309
00.267
00.226
00.182
00.140
00.097
00.054
00.012
-00.030
-00.073
-00.117
-00.160
-00.202
-00.243
-00.287
-00.330
-00.372
-00.414
-00.457
-00.500
-00.540
-00.584
-00.627
-00.669
-00.711
-00.753
-00.795
-00.838
-00.881
-00.924
-00.966
-01.008
-01.049
-01.093
-01.136
-01.177
-01.220
-01.262
-01.304
-01.348
-01.390
-01.431
-01.473
-01.515
-01.558
-01.601
-01.643
-01.685
-01.727
-01.769
-01.812
-01.854
-01.895
-01.937
-01.980
-02.021
-02.064
-02.105
-02.146
-02.185
-02.225
-02.266
-02.307
-02.346
-02.386
-02.424
-02.462
-02.501
-02.541
-02.579
-02.615
-02.651
-02.688
-02.716
-02.717
-02.717
-02.717
-02.717
-02.717
-02.717
-02.717
-02.717
-02.717
-02.717
-02.717
-02.717
-02.717
-02.717
-02.717
-02.717
-02.717
-02.717
-02.717
-02.717
-02.717
-02.717
-02.717
-02.717
-02.717
-02.717
-02.717
-02.717
-02.717
-02.717
-02.717
-02.717
-02.717
-02.717
-02.717
-02.717
-02.717
-02.717
-02.717
-02.717
-02.717
-02.717
-02.717
-02.717
-02.717
-02.717
-02.717
-02.717
-02.717
-02.717
-02.717
-02.717
-02.717
-02.717
-02.717
-02.717
-02.717
-02.717
-02.717
-02.717
-02.717
-02.717
-02.717
-02.717
-02.717
-02.717
-02.717
-02.717
-02.717
-02.717
-02.717
-02.717
-02.717
-02.717
-02.717
-02.717
-02.717
-02.717
-02.717
-02.717
-02.717
-02.717
-02.717
-02.717
-02.717
-02.717
-02.717
-02.717
-02.717
-02.717
-02.717
-02.717
-02.717
-02.717
-02.717
-02.717
-02.717
-02.717
-02.717
-02.717
-02.717
-02.717
-02.717
-02.717
-02.717
-02.717
-02.717
-02.717
-02.717
-02.717
-02.717
-02.717
-02.717
-02.717
-02.717
-02.717
-02.717
-02.717
-02.717
-02.717
-02.717
-02.717
-02.717
-02.717
-02.717
-02.717
-02.717
-02.717
-02.717
-02.717
-02.717
-02.717
-02.717
-02.717
-02.717
-02.717
-02.717
-02.717
-02.717
-02.717
-02.717
-02.717
-02.717
-02.717
-02.717
-02.717
-02.717
-02.717
-02.717
-02.717
-02.717
-02.717
-02.717
-02.717
-02.717
-02.717
-02.717
-02.717
-02.717
-02.717
-02.717
-02.717
-02.717
-02.717
-02.717
-02.717
-02.717
-02.717
-02.717
-02.717
-02.717
-02.717
-02.717
-02.717
-02.717
-02.717
-02.717
-02.717
-02.717
-02.717
-02.717
-02.717
-02.717
-02.717
-02.717
-02.717
-02.717
-02.717
-02.717
-02.717
-02.717
-02.717
-02.717
-02.717
-02.717
-02.717
-02.717
-02.717
-02.717
-02.717
-02.717
-02.717
-02.717
-02.717
-02.717
-02.717
-02.717
-02.717
-02.717
-02.717
-02.717
-02.717
-02.717
-02.717
-02.717
-02.717
-02.717
-02.717
-02.717
-02.717
-02.717
-02.717
-02.717
-02.717
-02.717
-02.717
-02.717
-02.717
-02.717
-02.717
-02.717
-02.717
-02.717
-02.717
-02.717
-02.717
-02.717
-02.717
-02.717
-02.717
-02.717
-02.717
-02.717
-02.717
-02.717
-02.717
-02.717
-02.717
-02.717
-02.717
-02.717
-02.717
-02.717
-02.717
-02.717
-02.717
-02.717
-02.717
-02.717
-02.717
-02.717
-02.717
-02.717
-02.717
-02.717
-02.717
-02.717
-02.717
-02.717
-02.717
-02.717
-02.717
-02.717
-02.717
-02.717
-02.717
-02.717
-02.717
-02.717
-02.717
-02.717
-02.717
-02.717
-02.717
-02.717
-02.717
-02.717
-02.717
-02.717
-02.717
-02.717
-02.717
-02.717
-02.717
-02.713
-02.682
-02.646
-02.609
-02.571
-02.535
-02.498
-02.460
-02.421
-02.382
-02.343
-02.302
-02.264
-02.224
-02.184
-02.143
-02.102
-02.062
-02.020
-01.981
-01.939
-01.896
-01.854
-01.814
-01.773
-01.731
-01.688
-01.645
-01.603
-01.562
-01.520
-01.478
-01.436
-01.395
-01.352
-01.312
-01.270
-01.227
-01.184
-01.142
-01.100
-01.059
-01.017
-00.975
-00.933
-00.890
-00.849
-00.807
-00.766
-00.723
-00.681
-00.638
-00.597
-00.555
-00.513
-00.471
-00.429
-00.385
-00.344
-00.304
-00.260
-00.220
-00.175
-00.134
-00.094
-00.051
-00.009
00.033
00.076
00.118
00.159
00.202
00.244
00.286
00.329
00.370
00.411
00.453
00.496
00.538
00.581
00.622
00.664
00.706
00.748
00.791
00.832
00.874
00.917
00.958
01.001
01.042
01.085
01.126
01.168
01.210
01.252
01.294
01.337
01.378
01.420
01.462
01.504
01.545
01.589
01.629
01.671
01.714
01.757
01.799
01.841
01.882
01.925
01.967
02.008
02.052
02.093
02.133
02.176
02.218
02.261
02.302
02.343
02.389
02.432
02.469
02.510
02.550
02.589
02.629
02.668
02.708
02.717
02.717
02.717
02.717
02.717
02.717
02.717
02.717
02.717
02.717
02.717
02.717
02.717
02.717
02.717
02.717
02.717
02.717
02.717
02.717
02.717
02.717
02.717
02.717
02.717
02.717
02.717
02.717
02.717
02.717
02.717
02.717
02.717
02.717
02.717
02.717
02.717
02.717
02.717
02.717
02.717
02.717
02.717
02.717
02.717
02.717
02.717
02.717
02.717
02.717
02.717
02.717
02.717
02.717
02.717
02.717
02.717
02.717
02.717
02.717
02.717
02.717
02.717
02.717
02.717
02.717
02.717
02.717
02.717
02.717
02.717
02.717
02.717
02.717
02.717
02.717
02.717
02.717
02.717
02.717
02.717
02.717
02.717
02.717
02.717
02.717
02.717
02.717
02.717
02.717
02.717
02.717
02.717
02.717
02.717
02.717
02.717
02.717
02.717
02.717
02.717
02.717
02.717
02.717
02.717
02.717
02.717
02.717
02.717
02.717
02.717
02.717
02.717
02.717
02.717
02.717
02.717
02.717
02.717
02.717
02.717
02.717
02.717
02.717
02.717
02.717
02.717
02.717
02.717
02.717
02.717
02.717
02.717
02.717
02.717
02.717
02.717
02.717
02.717
02.717
02.717
02.717
02.717
02.717
02.717
02.717
02.717
02.717
02.717
02.717
02.717
02.717
02.717
02.717
02.717
02.717
02.717
02.717
02.717
02.717
02.717
02.717
02.717
02.717
02.717
02.717
02.717
02.717
02.717
02.717
02.717
02.717
02.717
02.717
02.717
02.717
02.717
02.717
02.717
02.717
02.717
02.717
02.717
02.717
02.717
02.717
02.717
02.717
02.717
02.717
02.717
02.717
02.717
02.717
02.717
02.717
02.717
02.717
02.717
02.717
02.717
02.717
02.717
02.717
02.717
02.717
02.717
02.717
02.717
02.717
02.717
02.717
02.717
02.717
02.717
02.717
02.717
02.717
02.717
02.717
02.717
02.717
02.717
02.717
02.717
02.717
02.717
02.717
02.717
02.717
02.717
02.717
02.717
02.717
02.717
02.717
02.717
02.717
02.717
02.717
02.717
02.717
02.717
02.717
02.717
02.717
02.717
02.717
02.717
02.717
02.717
02.717
02.717
02.717
02.717
02.717
02.717
02.717
02.717
02.717
02.717
02.717
02.717
02.717
02.717
02.717
02.717
02.717
02.717
02.717
02.717
02.717
02.717
02.717
02.717
02.717
02.717
02.717
02.717
02.717
02.717
02.717
02.717
02.717
02.717
02.717
02.717
02.717
02.717
02.717
02.717
02.717
02.717
02.717
02.717
02.717
02.717
02.717
02.717
02.717
02.717
02.691
02.652
02.610
02.570
02.529
02.488
02.447
02.406
02.364
02.321
02.280
02.237
02.196
02.153
02.110
02.067
02.024
01.982
01.939
01.897
01.853
01.810
01.767
01.725
01.683
01.640
01.597
01.554
01.512
01.470
01.427
01.384
01.340
01.297
01.255
01.213
01.170
01.128
01.085
01.043
01.001
00.958
00.917
00.874
00.830
00.788
00.746
00.703
00.661
00.618
00.574
00.532
00.490
00.448
00.406
00.361
00.319
00.277
00.235
00.192
00.150
00.106
00.064
00.021
-00.022
-00.063
-00.106
-00.150
-00.192
-00.235
-00.276
-00.319
-00.361
-00.404
-00.447
-00.490
-00.532
-00.573
-00.618
-00.660
-00.702
-00.745
-00.786
-00.828
-00.871
-00.914
-00.956
-00.998
-01.040
-01.082
-01.126
-01.168
-01.210
-01.252
-01.294
-01.337
-01.380
-01.422
-01.464
-01.506
-01.549
-01.590
-01.633
-01.676
-01.718
-01.760
-01.802
-01.845
-01.887
-01.929
-01.971
-02.013
-02.052
-02.095
-02.137
-02.178
-02.217
-02.257
-02.297
-02.338
-02.378
-02.417
-02.455
-02.494
-02.532
-02.571
-02.609
-02.646
-02.681
-02.713
-02.717
-02.717
-02.717
-02.717
-02.717
-02.717
-02.717
-02.717
-02.717
-02.717
-02.717
-02.717
-02.717
-02.717
-02.717
-02.717
-02.717
-02.717
-02.717
-02.717
-02.717
-02.717
-02.717
-02.717
-02.717
-02.717
-02.717
-02.717
-02.717
-02.717
-02.717
-02.717
-02.717
-02.717
-02.717
-02.717
-02.717
-02.717
-02.717
-02.717
-02.717
-02.717
-02.717
-02.717
-02.717
-02.717
-02.717
-02.717
-02.717
-02.717
-02.717
-02.717
-02.717
-02.717
-02.717
-02.717
-02.717
-02.717
-02.717
-02.717
-02.717
-02.717
-02.717
-02.717
-02.717
-02.717
-02.717
-02.717
-02.717
-02.717
-02.717
-02.717
-02.717
-02.717
-02.717
-02.717
-02.717
-02.717
-02.717
-02.717
-02.717
-02.717
-02.717
-02.717
-02.717
-02.717
-02.717
-02.717
-02.717
-02.717
-02.717
-02.717
-02.717
-02.717
-02.717
-02.717
-02.717
-02.717
-02.717
-02.717
-02.717
-02.717
-02.717
-02.717
-02.717
-02.717
-02.717
-02.717
-02.717
-02.717
-02.717
-02.717
-02.717
-02.717
-02.717
-02.717
-02.717
-02.717
-02.717
-02.717
-02.717
-02.717
-02.717
-02.717
-02.717
-02.717
-02.717
-02.717
-02.717
-02.717
-02.717
-02.717
-02.717
-02.717
-02.717
-02.717
-02.717
-02.717
-02.717
-02.717
-02.717
-02.717
-02.717
-02.717
-02.717
-02.717
-02.717
-02.717
-02.717
-02.717
-02.717
-02.717
-02.717
-02.717
-02.717
-02.717
-02.717
-02.717
-02.717
-02.717
-02.717
-02.717
-02.717
-02.717
-02.717
-02.717
-02.717
-02.717
-02.717
-02.717
-02.717
-02.717
-02.717
-02.717
-02.717
-02.717
-02.717
-02.717
-02.717
-02.717
-02.717
-02.717
-02.717
-02.717
-02.717
-02.717
-02.717
-02.717
-02.717
-02.717
-02.717
-02.717
-02.717
-02.717
-02.717
-02.717
-02.717
-02.717
-02.717
-02.717
-02.717
-02.717
-02.717
-02.717
-02.717
-02.717
-02.717
-02.717
-02.717
-02.717
-02.717
-02.717
-02.717
-02.717
-02.717
-02.717
-02.717
-02.717
-02.717
-02.717
-02.717
-02.717
-02.717
-02.717
-02.717
-02.717
-02.717
-02.717
-02.717
-02.717
-02.717
-02.717
-02.717
-02.717
-02.717
-02.717
-02.717
-02.717
-02.717
-02.717
-02.717
-02.717
-02.717
-02.717
-02.717
-02.717
-02.717
-02.717
-02.717
-02.717
-02.717
-02.717
-02.717
-02.717
-02.717
-02.717
-02.717
-02.717
-02.717
-02.717
-02.717
-02.717
-02.717
-02.717
-02.717
-02.717
-02.717
-02.717
-02.717
-02.717
-02.717
-02.717
-02.717
-02.717
-02.717
-02.717
-02.717
-02.717
-02.717
-02.717
-02.717
-02.717
-02.717
-02.717
-02.717
-02.717
-02.717
-02.717
-02.717
-02.717
-02.717
-02.717
-02.717
-02.717
-02.716
-02.694
-02.658
-02.621
-02.584
-02.547
-02.509
-02.470
-02.432
-02.394
-02.356
-02.317
-02.277
-02.236
-02.197
-02.155
-02.116
-02.076
-02.035
-01.993
-01.951
-01.909
-01.868
-01.827
-01.785
-01.744
-01.700
-01.658
-01.617
-01.575
-01.533
-01.491
-01.449
-01.408
-01.366
-01.324
-01.282
-01.240
-01.197
-01.156
-01.115
-01.073
-01.030
-00.988
-00.946
-00.904
-00.862
-00.820
-00.778
-00.736
-00.693
-00.653
-00.611
-00.568
-00.525
-00.483
-00.441
-00.399
-00.359
-00.315
-00.274
-00.232
-00.189
-00.148
-00.106
-00.064
-00.021
00.021
00.063
00.104
00.147
00.190
00.231
00.274
00.315
00.356
00.399
00.442
00.484
00.525
00.567
00.609
00.651
00.694
00.735
00.778
00.819
00.861
00.903
00.945
00.988
01.029
01.071
01.113
01.154
01.197
01.239
01.281
01.322
01.364
01.407
01.451
01.489
01.533
01.574
01.616
01.658
01.700
01.744
01.785
01.826
01.869
01.912
01.954
01.996
02.038
02.079
02.121
02.164
02.207
02.273
02.295
02.335
02.375
02.416
02.458
02.498
02.539
02.578
02.618
02.658
02.697
02.717
02.717
02.717
02.717
02.717
02.717
02.717
02.717
02.717
02.717
02.717
02.717
02.717
02.717
02.717
02.717
02.717
02.717
02.717
02.717
02.717
02.717
02.717
02.717
02.717
02.717
02.717
02.717
02.717
02.717
02.717
02.717
02.717
02.717
02.717
02.717
02.717
02.717
02.717
02.717
02.717
02.717
02.717
02.717
02.717
02.717
02.717
02.717
02.717
02.717
02.717
02.717
02.717
02.717
02.717
02.717
02.717
02.717
02.717
02.717
02.717
02.717
02.717
02.717
02.717
02.717
02.717
02.717
02.717
02.717
02.717
02.717
02.717
02.717
02.717
02.717
02.717
02.717
02.717
02.717
02.717
02.717
02.717
02.717
02.717
02.717
02.717
02.717
02.717
02.717
02.717
02.717
02.717
02.717
02.717
02.717
02.717
02.717
02.717
02.717
02.717
02.717
02.717
02.717
02.717
02.717
02.717
02.717
02.717
02.717
02.717
02.717
02.717
02.717
02.717
02.717
02.717
02.717
02.717
02.717
02.717
02.717
02.717
02.717
02.717
02.717
02.717
02.717
02.717
02.717
02.717
02.717
02.717
02.717
02.717
02.717
02.717
02.717
02.717
02.717
02.717
02.717
02.717
02.717
02.717
02.717
02.717
02.717
02.717
02.717
02.717
02.717
02.717
02.717
02.717
02.717
02.717
02.717
02.717
02.717
02.717
02.717
02.717
02.717
02.717
02.717
02.717
02.717
02.717
02.717
02.717
02.717
02.717
02.717
02.717
02.717
02.717
02.717
02.717
02.717
02.717
02.717
02.717
02.717
02.717
02.717
02.717
02.717
02.717
02.717
02.717
02.717
02.717
02.717
02.717
02.717
02.717
02.717
02.717
02.717
02.717
02.717
02.717
02.717
02.717
02.717
02.717
02.717
02.717
02.717
02.717
02.717
02.717
02.717
02.717
02.717
02.717
02.717
02.717
02.717
02.717
02.717
02.717
02.717
02.717
02.717
02.717
02.717
02.717
02.717
02.717
02.717
02.717
02.717
02.717
02.717
02.717
02.717
02.717
02.717
02.717
02.717
02.717
02.717
02.717
02.717
02.717
02.717
02.717
02.717
02.717
02.717
02.717
02.717
02.717
02.717
02.717
02.717
02.717
02.717
02.717
02.717
02.717
02.717
02.717
02.717
02.717
02.717
02.717
02.717
02.717
02.717
02.717
02.717
02.717
02.717
02.717
02.717
02.717
02.717
02.717
02.717
02.717
02.717
02.717
02.717
02.717
02.717
02.717
02.717
02.717
02.717
02.717
02.717
02.717
02.717
02.717
02.717
02.717
02.717
02.717
02.702
02.664
02.622
02.583
02.540
02.500
02.460
02.417
02.376
02.333
02.291
02.249
02.207
02.165
02.122
02.078
02.036
01.993
01.951
01.909
01.865
01.822
01.780
01.736
01.695
01.652
01.608
01.565
01.523
01.481
01.438
01.395
01.352
01.309
01.267
01.226
01.182
01.140
01.096
01.055
01.013
00.970
00.927
00.884
00.841
00.799
00.758
00.714
00.672
00.628
00.586
00.544
00.501
00.459
00.416
00.374
00.331
00.289
00.246
00.204
00.160
00.118
00.076
00.034
-00.010
-00.052
-00.095
-00.137
-00.180
-00.221
-00.264
-00.307
-00.350
-00.393
-00.435
-00.477
-00.520
-00.563
-00.606
-00.647
-00.689
-00.731
-00.775
-00.818
-00.859
-00.901
-00.943
-00.986
-01.029
-01.072
-01.113
-01.156
-01.197
-01.240
-01.284
-01.326
-01.368
-01.410
-01.452
-01.494
-01.537
-01.580
-01.621
-01.664
-01.706
-01.749
-01.791
-01.833
-01.874
-01.916
-01.957
-02.001
-02.043
-02.084
-02.125
-02.165
-02.205
-02.247
-02.287
-02.327
-02.365
-02.404
-02.444
-02.483
-02.522
-02.559
-02.597
-02.633
-02.671
-02.707
-02.717
-02.717
-02.717
-02.717
-02.717
-02.717
-02.717
-02.717
-02.717
-02.717
-02.717
-02.717
-02.717
-02.717
-02.717
-02.717
-02.717
-02.717
-02.717
-02.717
-02.717
-02.717
-02.717
-02.717
-02.717
-02.717
-02.717
-02.717
-02.717
-02.717
-02.717
-02.717
-02.717
-02.717
-02.717
-02.717
-02.717
-02.717
-02.717
-02.717
-02.717
-02.717
-02.717
-02.717
-02.717
-02.717
-02.717
-02.717
-02.717
-02.717
-02.717
-02.717
-02.717
-02.717
-02.717
-02.717
-02.717
-02.717
-02.717
-02.717
-02.717
-02.717
-02.717
-02.717
-02.717
-02.717
-02.717
-02.717
-02.717
-02.717
-02.717
-02.717
-02.717
-02.717
-02.717
-02.717
-02.717
-02.717
-02.717
-02.717
-02.717
-02.717
-02.717
-02.717
-02.717
-02.717
-02.717
-02.717
-02.717
-02.717
-02.717
-02.717
-02.717
-02.717
-02.717
-02.717
-02.717
-02.717
-02.717
-02.717
-02.717
-02.717
-02.717
-02.717
-02.717
-02.717
-02.717
-02.717
-02.717
-02.717
-02.717
-02.717
-02.717
-02.717
-02.717
-02.717
-02.717
-02.717
-02.717
-02.717
-02.717
-02.717
-02.717
-02.717
-02.717
-02.717
-02.717
-02.717
-02.717
-02.717
-02.717
-02.717
-02.717
-02.717
-02.717
-02.717
-02.717
-02.717
-02.717
-02.717
-02.717
-02.717
-02.717
-02.717
-02.717
-02.717
-02.717
-02.717
-02.717
-02.717
-02.717
-02.717
-02.717
-02.717
-02.717
-02.717
-02.717
-02.717
-02.717
-02.717
-02.717
-02.717
-02.717
-02.717
-02.717
-02.717
-02.717
-02.717
-02.717
-02.717
-02.717
-02.717
-02.717
-02.717
-02.717
-02.717
-02.717
-02.717
-02.717
-02.717
-02.717
-02.717
-02.717
-02.717
-02.717
-02.717
-02.717
-02.717
-02.717
-02.717
-02.717
-02.717
-02.717
-02.717
-02.717
-02.717
-02.717
-02.717
-02.717
-02.717
-02.717
-02.717
-02.717
-02.717
-02.717
-02.717
-02.717
-02.717
-02.717
-02.717
-02.717
-02.717
-02.717
-02.717
-02.717
-02.717
-02.717
-02.717
-02.717
-02.717
-02.717
-02.717
-02.717
-02.717
-02.717
-02.717
-02.717
-02.717
-02.717
-02.717
-02.717
-02.717
-02.717
-02.717
-02.717
-02.717
-02.717
-02.717
-02.717
-02.717
-02.717
-02.717
-02.717
-02.717
-02.717
-02.717
-02.717
-02.717
-02.717
-02.717
-02.717
-02.717
-02.717
-02.717
-02.717
-02.717
-02.717
-02.717
-02.717
-02.717
-02.717
-02.717
-02.717
-02.717
-02.717
-02.717
-02.717
-02.717
-02.717
-02.717
-02.717
-02.717
-02.717
-02.717
-02.717
-02.717
-02.717
-02.717
-02.717
-02.717
-02.717
-02.717
-02.717
-02.717
-02.717
-02.717
-02.717
-02.717
-02.717
-02.717
-02.717
-02.717
-02.717
-02.717
-02.717
-02.702
-02.666
-02.628
-02.592
-02.555
-02.516
-02.479
-02.441
-02.403
-02.363
-02.324
-02.284
-02.245
-02.206
-02.165
-02.125
-02.084
-02.044
-02.003
-01.961
-01.920
-01.878
-01.836
-01.795
-01.753
-01.711
-01.669
-01.627
-01.584
-01.543
-01.501
-01.459
-01.417
-01.375
-01.333
-01.292
-01.250
-01.208
-01.166
-01.124
-01.082
-01.040
-00.998
-00.956
-00.914
-00.872
-00.830
-00.788
-00.746
-00.703
-00.662
-00.620
-00.578
-00.536
-00.494
-00.451
-00.409
-00.367
-00.325
-00.283
-00.241
-00.199
-00.156
-00.115
-00.073
-00.031
00.011
00.053
00.095
00.137
00.180
00.222
00.264
00.306
00.348
00.389
00.433
00.475
00.516
00.558
00.599
00.642
00.684
00.726
00.768
00.810
00.852
00.894
00.937
00.977
01.019
01.061
01.104
01.145
01.187
01.229
01.272
01.313
01.355
01.397
01.438
01.480
01.524
01.565
01.607
01.649
01.691
01.734
01.776
01.818
01.859
01.902
01.943
01.988
02.029
02.072
02.128
02.158
02.200
02.241
02.281
02.323
02.365
02.406
02.449
02.488
02.528
02.569
02.609
02.649
02.689
02.716
02.717
02.717
02.717
02.717
02.717
02.717
02.717
02.717
02.717
02.717
02.717
02.717
02.717
02.717
02.717
02.717
02.717
02.717
02.717
02.717
02.717
02.717
02.717
02.717
02.717
02.717
02.717
02.717
02.717
02.717
02.717
02.717
02.717
02.717
02.717
02.717
02.717
02.717
02.717
02.717
02.717
02.717
02.717
02.717
02.717
02.717
02.717
02.717
02.717
02.717
02.717
02.717
02.717
02.717
02.717
02.717
02.717
02.717
02.717
02.717
02.717
02.717
02.717
02.717
02.717
02.717
02.717
02.717
02.717
02.717
02.717
02.717
02.717
02.717
02.717
02.717
02.717
02.717
02.717
02.717
02.717
02.717
02.717
02.717
02.717
02.717
02.717
02.717
02.717
02.717
02.717
02.717
02.717
02.717
02.717
02.717
02.717
02.717
02.717
02.717
02.717
02.717
02.717
02.717
02.717
02.717
02.717
02.717
02.717
02.717
02.717
02.717
02.717
02.717
02.717
02.717
02.717
02.717
02.717
02.717
02.717
02.717
02.717
02.717
02.717
02.717
02.717
02.717
02.717
02.717
02.717
02.717
02.717
02.717
02.717
02.717
02.717
02.717
02.717
02.717
02.717
02.717
02.717
02.717
02.717
02.717
02.717
02.717
02.717
02.717
02.717
02.717
02.717
02.717
02.717
02.717
02.717
02.717
02.717
02.717
02.717
02.717
02.717
02.717
02.717
02.717
02.717
02.717
02.717
02.717
02.717
02.717
02.717
02.717
02.717
02.717
02.717
02.717
02.717
02.717
02.717
02.717
02.717
02.717
02.717
02.717
02.717
02.717
02.717
02.717
02.717
02.717
02.717
02.717
02.717
02.717
02.717
02.717
02.717
02.717
02.717
02.717
02.717
02.717
02.717
02.717
02.717
02.717
02.717
02.717
02.717
02.717
02.717
02.717
02.717
02.717
02.717
02.717
02.717
02.717
02.717
02.717
02.717
02.717
02.717
02.717
02.717
02.717
02.717
02.717
02.717
02.717
02.717
02.717
02.717
02.717
02.717
02.717
02.717
02.717
02.717
02.717
02.717
02.717
02.717
02.717
02.717
02.717
02.717
02.717
02.717
02.717
02.717
02.717
02.717
02.717
02.717
02.717
02.717
02.717
02.717
02.717
02.717
02.717
02.717
02.717
02.717
02.717
02.717
02.717
02.717
02.717
02.717
02.717
02.717
02.717
02.717
02.717
02.717
02.717
02.717
02.717
02.717
02.717
02.717
02.717
02.717
02.717
02.717
02.717
02.717
02.717
02.717
02.717
02.717
02.717
02.717
02.717
02.717
02.717
02.709
02.671
02.631
02.590
02.550
02.509
02.468
02.427
02.384
02.343
02.301
02.259
02.217
02.174
02.131
02.088
02.045
02.003
01.961
01.918
01.874
01.831
01.789
01.747
01.704
01.661
01.618
01.575
01.533
01.490
01.448
01.405
01.362
01.320
01.278
01.235
01.193
01.149
01.107
01.064
01.023
00.980
00.938
00.893
00.850
00.809
00.767
00.725
00.681
00.638
00.595
00.553
00.510
00.470
00.426
00.383
00.340
00.298
00.256
00.214
00.171
00.128
00.085
00.043
-00.000
-00.041
-00.085
-00.128
-00.171
-00.213
-00.254
-00.297
-00.340
-00.383
-00.426
-00.467
-00.510
-00.551
-00.595
-00.638
-00.680
-00.722
-00.765
-00.807
-00.850
-00.893
-00.934
-00.976
-01.020
-01.062
-01.104
-01.147
-01.189
-01.231
-01.273
-01.316
-01.358
-01.400
-01.442
-01.485
-01.527
-01.570
-01.612
-01.654
-01.696
-01.739
-01.780
-01.824
-01.866
-01.907
-01.950
-01.991
-02.033
-02.074
-02.115
-02.156
-02.197
-02.237
-02.278
-02.317
-02.357
-02.397
-02.436
-02.475
-02.513
-02.552
-02.589
-02.626
-02.663
-02.699
-02.717
-02.717
-02.717
-02.717
-02.717
-02.717
-02.717
-02.717
-02.717
-02.717
-02.717
-02.717
-02.717
-02.717
-02.717
-02.717
-02.717
-02.717
-02.717
-02.717
-02.717
-02.717
-02.717
-02.717
-02.717
-02.717
-02.717
-02.717
-02.717
-02.717
-02.717
-02.717
-02.717
-02.717
-02.717
-02.717
-02.717
-02.717
-02.717
-02.717
-02.717
-02.717
-02.717
-02.717
-02.717
-02.717
-02.717
-02.717
-02.717
-02.717
-02.717
-02.717
-02.717
-02.717
-02.717
-02.717
-02.717
-02.717
-02.717
-02.717
-02.717
-02.717
-02.717
-02.717
-02.717
-02.717
-02.717
-02.717
-02.717
-02.717
-02.717
-02.717
-02.717
-02.717
-02.717
-02.717
-02.717
-02.717
-02.717
-02.717
-02.717
-02.717
-02.717
-02.717
-02.717
-02.717
-02.717
-02.717
-02.717
-02.717
-02.717
-02.717
-02.717
-02.717
-02.717
-02.717
-02.717
-02.717
-02.717
-02.717
-02.717
-02.717
-02.717
-02.717
-02.717
-02.717
-02.717
-02.717
-02.717
-02.717
-02.717
-02.717
-02.717
-02.717
-02.717
-02.717
-02.717
-02.717
-02.717
-02.717
-02.717
-02.717
-02.717
-02.717
-02.717
-02.717
-02.717
-02.717
-02.717
-02.717
-02.717
-02.717
-02.717
-02.717
-02.717
-02.717
-02.717
-02.717
-02.717
-02.717
-02.717
-02.717
-02.717
-02.717
-02.717
-02.717
-02.717
-02.717
-02.717
-02.717
-02.717
-02.717
-02.717
-02.717
-02.717
-02.717
-02.717
-02.717
-02.717
-02.717
-02.717
-02.717
-02.717
-02.717
-02.717
-02.717
-02.717
-02.717
-02.717
-02.717
-02.717
-02.717
-02.717
-02.717
-02.717
-02.717
-02.717
-02.717
-02.717
-02.717
-02.717
-02.717
-02.717
-02.717
-02.717
-02.717
-02.717
-02.717
-02.717
-02.717
-02.717
-02.717
-02.717
-02.717
-02.717
-02.717
-02.717
-02.717
-02.717
-02.717
-02.717
-02.717
-02.717
-02.717
-02.717
-02.717
-02.717
-02.717
-02.717
-02.717
-02.717
-02.717
-02.717
-02.717
-02.717
-02.717
-02.717
-02.717
-02.717
-02.717
-02.717
-02.717
-02.717
-02.717
-02.717
-02.717
-02.717
-02.717
-02.717
-02.717
-02.717
-02.717
-02.717
-02.717
-02.717
-02.717
-02.717
-02.717
-02.717
-02.717
-02.717
-02.717
-02.717
-02.717
-02.717
-02.717
-02.717
-02.717
-02.717
-02.717
-02.717
-02.717
-02.717
-02.717
-02.717
-02.717
-02.717
-02.717
-02.717
-02.717
-02.717
-02.717
-02.717
-02.717
-02.717
-02.717
-02.717
-02.717
-02.717
-02.717
-02.717
-02.717
-02.717
-02.717
-02.717
-02.717
-02.717
-02.717
-02.717
-02.717
-02.717
-02.717
-02.717
-02.717
-02.717
-02.717
-02.717
-02.717
-02.717
-02.717
-02.717
-02.717
-02.717
-02.717
-02.717
-02.710
-02.675
-02.639
-02.603
-02.567
-02.530
-02.491
-02.453
-02.413
-02.376
-02.338
-02.298
-02.259
-02.218
-02.177
-02.138
-02.097
-02.057
-02.016
-01.974
-01.932
-01.891
-01.850
-01.808
-01.765
-01.723
-01.681
-01.640
-01.598
-01.556
-01.514
-01.473
-01.429
-01.388
-01.347
-01.305
-01.263
-01.220
-01.178
-01.137
-01.095
-01.053
-01.011
-00.968
-00.926
-00.885
-00.844
-00.802
-00.758
-00.716
-00.674
-00.633
-00.590
-00.549
-00.507
-00.464
-00.422
-00.380
-00.339
-00.297
-00.254
-00.212
-00.171
-00.129
-00.086
-00.043
-00.002
00.041
00.083
00.124
00.166
00.209
00.252
00.293
00.335
00.376
00.419
00.461
00.504
00.546
00.586
00.629
00.671
00.713
00.755
00.797
00.838
00.880
00.923
00.964
01.008
01.049
01.090
01.132
01.175
01.217
01.259
01.301
01.343
01.384
01.427
01.468
01.512
01.552
01.595
01.637
01.679
01.722
01.765
01.804
01.847
01.889
01.932
01.990
02.024
02.061
02.103
02.145
02.186
02.228
02.270
02.311
02.352
02.393
02.434
02.476
02.516
02.555
02.595
02.636
02.675
02.711
02.717
02.717
02.717
02.717
02.717
02.717
02.717
02.717
02.717
02.717
02.717
02.717
02.717
02.717
02.717
02.717
02.717
02.717
02.717
02.717
02.717
02.717
02.717
02.717
02.717
02.717
02.717
02.717
02.717
02.717
02.717
02.717
02.717
02.717
02.717
02.717
02.717
02.717
02.717
02.717
02.717
02.717
02.717
02.717
02.717
02.717
02.717
02.717
02.717
02.717
02.717
02.717
02.717
02.717
02.717
02.717
02.717
02.717
02.717
02.717
02.717
02.717
02.717
02.717
02.717
02.717
02.717
02.717
02.717
02.717
02.717
02.717
02.717
02.717
02.717
02.717
02.717
02.717
02.717
02.717
02.717
02.717
02.717
02.717
02.717
02.717
02.717
02.717
02.717
02.717
02.717
02.717
02.717
02.717
02.717
02.717
02.717
02.717
02.717
02.717
02.717
02.717
02.717
02.717
02.717
02.717
02.717
02.717
02.717
02.717
02.717
02.717
02.717
02.717
02.717
02.717
02.717
02.717
02.717
02.717
02.717
02.717
02.717
02.717
02.717
02.717
02.717
02.717
02.717
02.717
02.717
02.717
02.717
02.717
02.717
02.717
02.717
02.717
02.717
02.717
02.717
02.717
02.717
02.717
02.717
02.717
02.717
02.717
02.717
02.717
02.717
02.717
02.717
02.717
02.717
02.717
02.717
02.717
02.717
02.717
02.717
02.717
02.717
02.717
02.717
02.717
02.717
02.717
02.717
02.717
02.717
02.717
02.717
02.717
02.717
02.717
02.717
02.717
02.717
02.717
02.717
02.717
02.717
02.717
02.717
02.717
02.717
02.717
02.717
02.717
02.717
02.717
02.717
02.717
02.717
02.717
02.717
02.717
02.717
02.717
02.717
02.717
02.717
02.717
02.717
02.717
02.717
02.717
02.717
02.717
02.717
02.717
02.717
02.717
02.717
02.717
02.717
02.717
02.717
02.717
02.717
02.717
02.717
02.717
02.717
02.717
02.717
02.717
02.717
02.717
02.717
02.717
02.717
02.717
02.717
02.717
02.717
02.717
02.717
02.717
02.717
02.717
02.717
02.717
02.717
02.717
02.717
02.717
02.717
02.717
02.717
02.717
02.717
02.717
02.717
02.717
02.717
02.717
02.717
02.717
02.717
02.717
02.717
02.717
02.717
02.717
02.717
02.717
02.717
02.717
02.717
02.717
02.717
02.717
02.717
02.717
02.717
02.717
02.717
02.717
02.717
02.717
02.717
02.717
02.717
02.717
02.717
02.717
02.717
02.717
02.717
02.717
02.717
02.717
02.717
02.717
02.717
02.717
02.717
02.717
02.715
02.685
02.644
02.603
02.562
02.522
02.481
02.440
02.398
02.355
02.314
02.272
02.229
02.187
02.143
02.101
02.058
02.016
01.974
01.931
01.888
01.844
01.802
01.760
01.717
01.674
01.631
01.588
01.544
01.503
01.462
01.418
01.375
01.332
01.289
01.247
01.205
01.163
01.119
01.077
01.034
00.993
00.950
00.907
00.864
00.821
00.780
00.737
00.694
00.652
00.608
00.565
00.524
00.481
00.439
00.396
00.353
00.311
00.268
00.226
00.183
00.141
00.097
00.055
00.013
-00.029
-00.072
-00.115
-00.158
-00.200
-00.242
-00.285
-00.327
-00.370
-00.413
-00.456
-00.498
-00.540
-00.583
-00.625
-00.668
-00.710
-00.752
-00.794
-00.836
-00.880
-00.922
-00.964
-01.005
-01.048
-01.091
-01.134
-01.176
-01.218
-01.261
-01.302
-01.344
-01.388
-01.430
-01.472
-01.514
-01.556
-01.599
-01.642
-01.684
-01.726
-01.768
-01.809
-01.851
-01.895
-01.937
-01.978
-02.019
-02.062
-02.104
-02.145
-02.185
-02.226
-02.265
-02.304
-02.345
-02.385
-02.424
-02.463
-02.501
-02.541
-02.576
-02.617
-02.653
-02.689
-02.715
-02.717
-02.717
-02.717
-02.717
-02.717
-02.717
-02.717
-02.717
-02.717
-02.717
-02.717
-02.717
-02.717
-02.717
-02.717
-02.717
-02.717
-02.717
-02.717
-02.717
-02.717
-02.717
-02.717
-02.717
-02.717
-02.717
-02.717
-02.717
-02.717
-02.717
-02.717
-02.717
-02.717
-02.717
-02.717
-02.717
-02.717
-02.717
-02.717
-02.717
-02.717
-02.717
-02.717
-02.717
-02.717
-02.717
-02.717
-02.717
-02.717
-02.717
-02.717
-02.717
-02.717
-02.717
-02.717
-02.717
-02.717
-02.717
-02.717
-02.717
-02.717
-02.717
-02.717
-02.717
-02.717
-02.717
-02.717
-02.717
-02.717
-02.717
-02.717
-02.717
-02.717
-02.717
-02.717
-02.717
-02.717
-02.717
-02.717
-02.717
-02.717
-02.717
-02.717
-02.717
-02.717
-02.717
-02.717
-02.717
-02.717
-02.717
-02.717
-02.717
-02.717
-02.717
-02.717
-02.717
-02.717
-02.717
-02.717
-02.717
-02.717
-02.717
-02.717
-02.717
-02.717
-02.717
-02.717
-02.717
-02.717
-02.717
-02.717
-02.717
-02.717
-02.717
-02.717
-02.717
-02.717
-02.717
-02.717
-02.717
-02.717
-02.717
-02.717
-02.717
-02.717
-02.717
-02.717
-02.717
-02.717
-02.717
-02.717
-02.717
-02.717
-02.717
-02.717
-02.717
-02.717
-02.717
-02.717
-02.717
-02.717
-02.717
-02.717
-02.717
-02.717
-02.717
-02.717
-02.717
-02.717
-02.717
-02.717
-02.717
-02.717
-02.717
-02.717
-02.717
-02.717
-02.717
-02.717
-02.717
-02.717
-02.717
-02.717
-02.717
-02.717
-02.717
-02.717
-02.717
-02.717
-02.717
-02.717
-02.717
-02.717
-02.717
-02.717
-02.717
-02.717
-02.717
-02.717
-02.717
-02.717
-02.717
-02.717
-02.717
-02.717
-02.717
-02.717
-02.717
-02.717
-02.717
-02.717
-02.717
-02.717
-02.717
-02.717
-02.717
-02.717
-02.717
-02.717
-02.717
-02.717
-02.717
-02.717
-02.717
-02.717
-02.717
-02.717
-02.717
-02.717
-02.717
-02.717
-02.717
-02.717
-02.717
-02.717
-02.717
-02.717
-02.717
-02.717
-02.717
-02.717
-02.717
-02.717
-02.717
-02.717
-02.717
-02.717
-02.717
-02.717
-02.717
-02.717
-02.717
-02.717
-02.717
-02.717
-02.717
-02.717
-02.717
-02.717
-02.717
-02.717
-02.717
-02.717
-02.717
-02.717
-02.717
-02.717
-02.717
-02.717
-02.717
-02.717
-02.717
-02.717
-02.717
-02.717
-02.717
-02.717
-02.717
-02.717
-02.717
-02.717
-02.717
-02.717
-02.717
-02.717
-02.717
-02.717
-02.717
-02.717
-02.717
-02.717
-02.717
-02.717
-02.717
-02.717
-02.717
-02.717
-02.717
-02.717
-02.717
-02.717
-02.717
-02.717
-02.717
-02.717
-02.717
-02.717
-02.717
-02.717
-02.717
-02.717
-02.717
-02.717
-02.717
-02.714
-02.684
-02.647
-02.610
-02.574
-02.537
-02.499
-02.461
-02.422
-02.384
-02.345
-02.305
-02.266
-02.227
-02.187
-02.146
-02.104
-02.064
-02.023
-01.982
-01.941
-01.899
-01.858
-01.816
-01.774
-01.732
-01.691
-01.648
-01.606
-01.565
-01.523
-01.481
-01.438
-01.397
-01.355
-01.312
-01.271
-01.228
-01.187
-01.145
-01.103
-01.061
-01.019
-00.977
-00.935
-00.893
-00.851
-00.809
-00.766
-00.725
-00.683
-00.641
-00.599
-00.557
-00.515
-00.473
-00.431
-00.389
-00.347
-00.305
-00.263
-00.221
-00.178
-00.136
-00.095
-00.053
-00.010
00.031
00.074
00.115
00.158
00.200
00.242
00.284
00.327
00.368
00.411
00.452
00.494
00.536
00.578
00.621
00.662
00.705
00.747
00.789
00.830
00.872
00.914
00.956
00.998
01.041
01.083
01.125
01.166
01.208
01.250
01.292
01.334
01.375
01.417
01.460
01.501
01.543
01.586
01.628
01.670
01.712
01.754
01.797
01.854
01.885
01.926
01.967
02.008
02.051
02.093
02.135
02.178
02.219
02.260
02.302
02.344
02.385
02.426
02.467
02.507
02.547
02.587
02.628
02.667
02.705
02.717
02.717
02.717
02.717
02.717
02.717
02.717
02.717
02.717
02.717
02.717
02.717
02.717
02.717
02.717
02.717
02.717
02.717
02.717
02.717
02.717
02.717
02.717
02.717
02.717
02.717
02.717
02.717
02.717
02.717
02.717
02.717
02.717
02.717
02.717
02.717
02.717
02.717
02.717
02.717
02.717
02.717
02.717
02.717
02.717
02.717
02.717
02.717
02.717
02.717
02.717
02.717
02.717
02.717
02.717
02.717
02.717
02.717
02.717
02.717
02.717
02.717
02.717
02.717
02.717
02.717
02.717
02.717
02.717
02.717
02.717
02.717
02.717
02.717
02.717
02.717
02.717
02.717
02.717
02.717
02.717
02.717
02.717
02.717
02.717
02.717
02.717
02.717
02.717
02.717
02.717
02.717
02.717
02.717
02.717
02.717
02.717
02.717
02.717
02.717
02.717
02.717
02.717
02.717
02.717
02.717
02.717
02.717
02.717
02.717
02.717
02.717
02.717
02.717
02.717
02.717
02.717
02.717
02.717
02.717
02.717
02.717
02.717
02.717
02.717
02.717
02.717
02.717
02.717
02.717
02.717
02.717
02.717
02.717
02.717
02.717
02.717
02.717
02.717
02.717
02.717
02.717
02.717
02.717
02.717
02.717
02.717
02.717
02.717
02.717
02.717
02.717
02.717
02.717
02.717
02.717
02.717
02.717
02.717
02.717
02.717
02.717
02.717
02.717
02.717
02.717
02.717
02.717
02.717
02.717
02.717
02.717
02.717
02.717
02.717
02.717
02.717
02.717
02.717
02.717
02.717
02.717
02.717
02.717
02.717
02.717
02.717
02.717
02.717
02.717
02.717
02.717
02.717
02.717
02.717
02.717
02.717
02.717
02.717
02.717
02.717
02.717
02.717
02.717
02.717
02.717
02.717
02.717
02.717
02.717
02.717
02.717
02.717
02.717
02.717
02.717
02.717
02.717
02.717
02.717
02.717
02.717
02.717
02.717
02.717
02.717
02.717
02.717
02.717
02.717
02.717
02.717
02.717
02.717
02.717
02.717
02.717
02.717
02.717
02.717
02.717
02.717
02.717
02.717
02.717
02.717
02.717
02.717
02.717
02.717
02.717
02.717
02.717
02.717
02.717
02.717
02.717
02.717
02.717
02.717
02.717
02.717
02.717
02.717
02.717
02.717
02.717
02.717
02.717
02.717
02.717
02.717
02.717
02.717
02.717
02.717
02.717
02.717
02.717
02.717
02.717
02.717
02.717
02.717
02.717
02.717
02.717
02.717
02.717
02.717
02.717
02.717
02.717
02.717
02.717
02.717
02.717
02.717
02.717
02.717
02.717
02.694
02.654
02.614
02.574
02.533
02.492
02.450
02.408
02.368
02.325
02.284
02.240
02.197
02.155
02.113
02.071
02.028
01.985
01.942
01.900
01.857
01.814
01.772
01.727
01.685
01.642
01.600
01.547
01.507
01.468
01.426
01.385
01.343
01.301
01.258
01.214
01.171
01.129
01.088
01.045
01.001
00.959
00.917
00.875
00.832
00.791
00.746
00.703
00.661
00.619
00.577
00.534
00.491
00.448
00.406
00.363
00.321
00.280
00.236
00.193
00.151
00.108
00.066
00.024
-00.019
-00.063
-00.105
-00.148
-00.188
-00.232
-00.275
-00.318
-00.360
-00.402
-00.446
-00.489
-00.531
-00.574
-00.616
-00.657
-00.699
-00.743
-00.785
-00.827
-00.869
-00.911
-00.954
-00.996
-01.039
-01.082
-01.125
-01.166
-01.208
-01.251
-01.294
-01.336
-01.378
-01.420
-01.463
-01.505
-01.547
-01.589
-01.631
-01.672
-01.715
-01.758
-01.800
-01.842
-01.884
-01.927
-01.969
-02.011
-02.052
-02.094
-02.134
-02.175
-02.216
-02.256
-02.296
-02.334
-02.374
-02.414
-02.453
-02.492
-02.530
-02.569
-02.605
-02.642
-02.681
-02.712
-02.717
-02.717
-02.717
-02.717
-02.717
-02.717
-02.717
-02.717
-02.717
-02.717
-02.717
-02.717
-02.717
-02.717
-02.717
-02.717
-02.717
-02.717
-02.717
-02.717
-02.717
-02.717
-02.717
-02.717
-02.717
-02.717
-02.717
